"C:\Program Files\Java\jdk-25\bin\java.exe" "-javaagent:C:\Users\mkk51\AppData\Local\Programs\IntelliJ IDEA Community Edition\lib\idea_rt.jar=58227" -Dfile.encoding=UTF-8 -Dsun.stdout.encoding=UTF-8 -Dsun.stderr.encoding=UTF-8 -classpath C:\Libs\scalation_2.0\target\scala-3.7.2\classes;C:\Users\mkk51\AppData\Local\Coursier\cache\v1\https\repo1.maven.org\maven2\org\scala-lang\scala3-library_3\3.7.2\scala3-library_3-3.7.2.jar;C:\Users\mkk51\AppData\Local\Coursier\cache\v1\https\repo1.maven.org\maven2\org\scala-lang\scala-library\2.13.16\scala-library-2.13.16.jar project2.NeuralNetworkXLAE
DEBUG @ ActivationFun.rescaleX: from (VectorD(0.00000,	16.7900,	27.0233,	16.1000,	20.4633,	17.2000,	28.7667,	15.1000,	27.6600,	15.3300,	29.8150,	-6.06500,	1.00000,	15.3900,	23.2000,	16.3067,	29.6000,	14.8900,	29.1667,	-5.00000,	729.300,	24.0000,	0.00000,	1.00000,	-6.60000,	0.00532168,	0.00532168), VectorD(70.0000,	26.2600,	63.3600,	29.8567,	56.0267,	29.2360,	50.1633,	26.2000,	51.0900,	25.7950,	96.3217,	28.2900,	99.9000,	26.0000,	51.4000,	27.2300,	58.7800,	24.5000,	53.3267,	26.1000,	772.300,	100.000,	14.0000,	66.0000,	15.5000,	49.9965,	49.9965)) to (-2.0,2.0)
WARNING: A terminally deprecated method in sun.misc.Unsafe has been called
WARNING: sun.misc.Unsafe::objectFieldOffset has been called by scala.runtime.LazyVals$ (file:/C:/Users/mkk51/AppData/Local/Coursier/cache/v1/https/repo1.maven.org/maven2/org/scala-lang/scala3-library_3/3.7.2/scala3-library_3-3.7.2.jar)
WARNING: Please consider reporting this to the maintainers of class scala.runtime.LazyVals$
WARNING: sun.misc.Unsafe::objectFieldOffset will be removed in a future release
--------------------------------------------
| Small Example - NeuralNet_XL: trainNtest |
--------------------------------------------
optimize: bSize = 6, nB = 3289
ending epoch = (1.432036789027528E8,400)

REPORT
    ----------------------------------------------------------------------------
    modelName  mn  = NeuralNet_XL_Array(tanh, id)
    ----------------------------------------------------------------------------
    hparameter hp  = HyperParameter(eta -> (0.001,0.1), bSize -> (6.0,20), maxEpochs -> (400,400), lambda -> (0.01,0.01), upLimit -> (4,4), beta -> (0.9,0.9), beta2 -> (0.999,0.999), nu -> (0.9,0.9))
    ----------------------------------------------------------------------------
    features   fn  = Array(x0, x1, x2, x3, x4, x5, x6, x7, x8, x9, x10, x11, x12, x13, x14, x15, x16, x17, x18, x19, x20, x21, x22, x23, x24, x25, x26)
    ----------------------------------------------------------------------------
    parameter  bb  = Array(b.w =
MatrixD (36.9684,	38.6700,	10.5755,	-11.9644,	15.6566,	-19.0024,	-33.9743,	-10.5241,	7.17351,	4.13819,	-11.1834,	11.3982,	17.5274,	43.5846,	16.6598,	45.4650,	3.42109,	-9.09610,	32.3354,	-26.8587,	-69.8636,	17.9914,	4.21134,	-34.6629,	2.76843,	-1.47151,	-37.5766,	-24.6872,	14.1795,	-8.66982,	-5.57802,	-19.9876,	26.0363,	19.8779,	9.82604,	-117.007,	6.93323,	-46.8607,	9.28471,	-8.50364,	19.7650,	105.806,	-26.1934,	-5.75011,	18.3187,	5.92644,	-4.04493,	2.60200,	19.7501,	37.8596,	-8.44682,	11.7845,	27.8088,	2.61059,	21.2267,
 	13.7160,	-58.6088,	1.94447,	-64.7023,	-3.98938,	-12.8039,	24.9014,	-5.37489,	-5.06792,	-12.2658,	38.3467,	-15.6499,	-0.673995,	-21.7957,	-2.10088,	53.1859,	15.4403,	31.4905,	-10.5613,	8.42299,	-11.4536,	62.7454,	4.53836,	-1.90608,	1.85503,	4.07868,	-21.7874,	-44.2095,	22.2965,	2.32498,	-8.63435,	14.0629,	41.4908,	-2.09913,	-3.86270,	33.3296,	-1.22360,	12.3545,	11.4421,	13.2301,	14.2469,	-31.7571,	23.6613,	-6.78496,	30.2175,	-18.6194,	6.18731,	-3.25831,	41.3639,	-4.02256,	18.2396,	-6.03864,	15.6160,	4.21357,	1.06465,
 	-10.9450,	29.6228,	-2.05794,	104.737,	4.89461,	-13.7995,	-51.0025,	-32.3561,	-20.9755,	-9.83307,	-30.9020,	-24.4861,	-0.470140,	3.36138,	-1.20588,	-50.3730,	-1.88086,	12.0665,	8.81597,	-19.0616,	-1.24993,	-31.0723,	-40.0470,	-28.4094,	16.8945,	19.2870,	-6.05021,	-12.7377,	-6.75142,	-12.0049,	14.9167,	-19.4118,	-47.3088,	-2.72347,	-0.599710,	-180.862,	1.13252,	-28.6122,	-6.47669,	-16.2304,	18.0911,	17.1787,	-29.1536,	-18.9091,	35.7961,	8.17154,	15.0576,	11.0803,	23.0787,	-17.4968,	-20.7468,	-0.125109,	11.3380,	-32.0634,	-4.93215,
 	9.45206,	-4.21382,	21.1219,	-5.05243,	2.39418,	-42.0979,	21.7386,	19.0687,	-2.89380,	9.32439,	5.41683,	-1.46222,	12.2318,	-5.41190,	15.8347,	-33.4196,	26.9867,	-5.40072,	-4.57930,	-16.9017,	-65.9576,	-39.4805,	4.85442,	79.6544,	28.1585,	35.5480,	-42.6111,	80.9393,	16.6645,	19.3670,	14.8296,	-4.16236,	-63.7861,	29.6421,	9.31919,	18.2683,	2.15982,	-0.315121,	-20.6327,	-13.4502,	42.3379,	27.8843,	-1.59452,	40.8000,	30.4772,	2.56600,	6.81380,	29.2852,	-3.98763,	-22.1390,	8.53852,	36.7641,	13.7155,	-10.8906,	18.4117,
 	-2.52932,	-45.7158,	-10.0716,	10.0863,	5.24730,	42.2662,	45.9536,	4.36645,	-10.7071,	3.85298,	2.19439,	3.67458,	-5.20320,	-35.4578,	-7.36915,	35.3929,	1.40939,	8.05850,	36.3764,	20.0093,	91.3256,	59.8468,	11.8074,	-23.8476,	-7.24414,	14.9692,	52.4536,	11.5300,	-29.1643,	-0.0633151,	13.3952,	5.76300,	54.1157,	-8.13821,	-3.57382,	50.0227,	-1.09699,	6.60294,	-7.91224,	23.5634,	-1.44940,	-39.5503,	-7.69492,	-14.3056,	15.3161,	23.6528,	12.9539,	-38.9006,	37.9024,	-61.4784,	0.816732,	-2.98655,	13.0842,	3.17653,	0.801481,
 	9.20209,	-8.37762,	-0.732908,	30.9598,	17.0585,	-80.8566,	-150.985,	-91.9980,	13.3035,	0.0195087,	-20.1262,	-13.1883,	-2.30075,	-9.33760,	-1.41809,	-7.35980,	-11.1240,	29.4844,	2.06243,	-12.8167,	-11.6273,	29.1431,	-24.5053,	48.7542,	3.59594,	-40.5246,	-7.54749,	-45.2386,	34.0192,	-0.849908,	-10.8364,	-10.6326,	-31.6145,	8.13184,	-2.33663,	-129.462,	-3.42928,	-22.2174,	11.1292,	-10.8997,	5.80796,	-37.2296,	24.6551,	-24.7445,	-12.1914,	-17.5330,	3.23940,	-6.30505,	6.09816,	-12.9004,	-9.77681,	-5.27917,	1.65915,	-28.8534,	11.1221,
 	0.297963,	-15.5712,	0.785989,	38.5431,	5.13134,	-23.3355,	-52.3750,	42.7601,	-9.71992,	-16.3439,	-38.4758,	-14.3620,	-1.13905,	30.2443,	5.77927,	7.23532,	10.6850,	-16.8055,	7.28379,	26.7138,	-77.5507,	-26.6823,	17.4265,	18.4923,	9.09472,	23.2949,	-24.8867,	-14.4593,	-19.7082,	28.1163,	6.87319,	3.46101,	-7.51708,	4.60104,	-4.53804,	-201.806,	0.334866,	11.9983,	-20.4276,	-2.44864,	7.48815,	46.0255,	-11.3641,	-19.4667,	15.9224,	7.90166,	-13.5716,	16.4786,	26.1059,	-4.46771,	-3.33632,	-1.47147,	8.79523,	-8.92693,	-20.7154,
 	13.5764,	-17.4333,	-2.75731,	-37.1963,	-4.72499,	-22.2798,	79.8446,	-11.4499,	4.25082,	7.92546,	24.6332,	29.9940,	-3.04177,	-13.3163,	-1.93851,	27.4922,	23.3249,	0.938978,	-1.13958,	-3.04833,	-34.1766,	9.29710,	-3.48688,	-23.9400,	-4.42154,	80.3388,	-19.3151,	-54.2462,	7.36240,	-3.75784,	-18.2948,	7.52208,	-0.689460,	-3.75261,	2.72815,	43.3588,	0.712952,	-3.40569,	-17.2387,	-4.94012,	-5.77587,	-22.2759,	-40.6366,	-4.41457,	-10.3928,	-8.40462,	-5.81060,	-10.7325,	-11.3539,	35.9128,	-19.8126,	-15.1008,	-3.55264,	-35.6364,	47.9444,
 	-0.992011,	-24.3230,	-6.94723,	31.4889,	-9.03172,	-32.3911,	-17.6764,	7.19280,	-18.4672,	-12.7994,	28.8052,	-18.4356,	-0.121141,	-10.0592,	-2.35435,	4.09770,	-13.3351,	35.1128,	-11.4314,	-12.3849,	-36.8367,	-28.8337,	-7.11165,	40.7765,	24.2084,	11.0994,	-37.2500,	48.9654,	-11.3370,	27.0634,	-16.4986,	-2.37441,	3.83871,	-7.16386,	-5.84298,	2.45250,	-3.67145,	-1.26866,	-8.91963,	26.0606,	-5.04816,	4.81981,	-53.5231,	-16.8360,	17.3841,	-7.15814,	-6.34109,	-35.4265,	-29.8249,	-20.9425,	6.81437,	-1.15385,	1.25409,	26.9668,	29.1783,
 	1.25404,	-24.3174,	9.71690,	-47.9639,	-8.73876,	-45.9342,	25.2202,	-36.0620,	-15.9411,	-8.26180,	24.0662,	-17.2973,	6.70585,	-30.0899,	3.39528,	22.0976,	26.5572,	72.1326,	-20.0279,	-5.39732,	-1.20771,	46.3950,	-55.9421,	-3.88087,	-11.0347,	3.51195,	2.35580,	-12.0629,	22.2023,	-5.27396,	1.45016,	1.12238,	30.1788,	1.26379,	-2.33193,	85.4341,	2.75179,	17.2841,	-7.59997,	-2.22943,	15.6889,	-8.27238,	18.7192,	-8.37069,	5.43980,	14.1687,	-11.4741,	5.09435,	14.7896,	-34.7159,	3.07782,	-9.87637,	-9.96689,	-24.6780,	-7.53351,
 	2.35764,	-11.7455,	9.41573,	-17.0879,	37.6468,	-81.4183,	-26.0000,	-10.5340,	-28.0171,	-10.1371,	-18.0834,	-17.0191,	6.81782,	26.1033,	8.24295,	24.4302,	4.84604,	-7.31226,	45.0735,	6.27040,	-31.4441,	28.1851,	-36.1311,	14.4643,	9.04785,	-6.59339,	-14.4782,	-3.23011,	23.4919,	43.7301,	-8.88241,	-3.77885,	-18.2553,	15.4045,	4.64874,	96.0209,	6.29502,	-0.301238,	-25.9906,	13.6083,	-11.8060,	45.5410,	-10.5357,	7.50489,	2.74673,	-0.658960,	4.59512,	-9.85571,	39.3037,	15.0326,	20.2015,	9.44924,	19.7843,	-16.2516,	4.39135,
 	-10.8525,	8.85913,	20.5441,	38.8086,	10.2258,	-6.81398,	-55.5340,	-45.7390,	-13.4955,	1.77277,	-3.26151,	3.13717,	-0.103855,	-9.13517,	5.27046,	-68.2772,	11.6746,	13.4033,	-3.88492,	4.66531,	14.9525,	-125.320,	-72.6251,	31.5233,	23.7015,	8.72907,	17.7550,	37.2215,	9.66528,	0.445324,	-8.61444,	-10.6664,	-26.1897,	3.23720,	0.224574,	-24.0332,	-1.03825,	-1.70152,	-0.756421,	-0.290196,	0.861473,	-2.08874,	-51.8019,	14.6003,	-6.09799,	19.8030,	-11.0981,	1.05415,	-11.5978,	36.0711,	-15.6641,	11.0620,	-9.25156,	8.05651,	-16.0021,
 	1.64201,	5.51808,	10.0010,	66.6272,	-7.54557,	-61.5615,	54.1462,	-7.34146,	-6.06373,	-13.9186,	-0.301772,	0.653266,	6.22720,	-10.7389,	5.86331,	-16.0203,	9.86086,	-19.4574,	2.18396,	-9.81511,	-33.6786,	19.8452,	7.81619,	9.58258,	3.01107,	0.355409,	-20.7616,	-19.4800,	-23.1139,	20.9694,	13.6801,	-3.37527,	19.9999,	7.10503,	0.655124,	-5.37512,	1.14937,	3.25313,	30.3606,	6.39866,	12.4946,	31.4211,	-18.6994,	6.83288,	-14.8841,	7.94467,	-0.217978,	-16.3501,	46.2203,	33.0777,	36.5878,	1.81953,	-3.63082,	7.01145,	-2.05160,
 	-13.5347,	9.50883,	4.97346,	-0.438210,	11.0587,	11.6590,	-50.5355,	-18.8558,	7.82891,	8.09310,	-1.79814,	9.93629,	-3.50328,	-1.90000,	-3.46083,	41.3864,	-15.1297,	20.7154,	-14.8331,	-10.0779,	6.14570,	51.4942,	11.3462,	29.8952,	-6.89648,	38.8002,	13.3368,	-12.7151,	5.52120,	-30.8170,	11.1108,	-2.66909,	7.19254,	-6.28829,	0.233599,	-13.0757,	-0.460526,	-3.32939,	-16.9336,	4.78613,	-19.5493,	-11.3529,	1.69092,	9.15610,	-20.8988,	8.16549,	2.02608,	24.3454,	0.235321,	-36.7872,	-34.3698,	-1.04719,	3.62415,	-12.1350,	-1.19458,
 	-8.50334,	-34.1614,	0.450989,	0.0810544,	1.51195,	-20.1861,	20.3284,	-23.1172,	-38.5869,	-8.30753,	-5.79524,	-8.75903,	-1.43308,	-9.76859,	2.09642,	8.47300,	-2.94280,	21.8302,	9.40989,	3.21648,	-6.96513,	14.3951,	-29.2849,	44.1547,	7.53429,	-23.0431,	-7.89667,	-3.66738,	1.82586,	2.28483,	17.1369,	-0.771101,	30.8545,	5.77250,	2.70556,	86.0494,	0.0111952,	2.52711,	-24.7565,	13.9609,	-3.75477,	6.16218,	1.92432,	17.4252,	-20.9938,	10.0987,	-17.5807,	-2.01893,	17.2185,	-21.8086,	-18.7155,	5.80844,	-4.45296,	7.20828,	3.29840,
 	25.8087,	-8.67688,	2.73035,	26.3622,	1.59091,	24.8671,	9.79256,	-4.48618,	-5.58508,	-22.6980,	-17.1075,	-16.3418,	-0.159038,	-3.29853,	-7.48765,	30.8070,	-4.76434,	17.1045,	-11.7868,	-19.7860,	40.0545,	-15.6820,	-30.5744,	-14.8550,	14.6859,	3.01751,	25.1289,	-71.6054,	1.90604,	-26.5391,	-10.9405,	2.22680,	9.47553,	-20.0039,	-6.20097,	-47.2785,	0.617201,	5.12911,	-21.4709,	-15.5937,	-5.55816,	-10.2753,	38.1901,	-20.1462,	-18.9285,	-35.4380,	-16.6107,	39.3612,	70.0933,	-6.51480,	2.27395,	-34.1209,	1.32148,	-5.45629,	-54.4191,
 	5.66629,	7.56675,	-3.26319,	-30.4573,	-1.42704,	-28.8829,	14.8031,	-15.7905,	-28.7833,	-20.8133,	-8.60157,	-16.8231,	-6.20171,	-17.8244,	-6.55399,	24.5253,	-19.2368,	24.2070,	36.2326,	-10.5996,	-8.68908,	35.5636,	1.52673,	22.6958,	12.8021,	24.2554,	-18.2774,	-84.5707,	-13.8270,	46.6561,	2.03518,	12.7216,	56.8748,	-4.81150,	-2.06702,	78.9925,	-1.55278,	-12.5860,	-0.284836,	15.6613,	-2.63256,	11.3571,	80.0326,	-13.0600,	-28.3709,	-16.6848,	-24.4788,	2.74007,	45.7078,	-49.2785,	21.6991,	-20.1315,	21.8829,	29.8164,	21.8195,
 	-1.75038,	-9.62523,	1.49156,	-19.0260,	-5.76937,	9.14181,	37.9756,	-15.1935,	10.9767,	0.422109,	-13.4059,	-1.37837,	-1.64138,	-28.4251,	-2.17580,	17.9321,	1.76572,	24.4612,	-20.9141,	-5.09518,	64.0025,	-21.0864,	17.0721,	20.0107,	-13.6676,	51.8453,	38.4773,	-4.37136,	4.65134,	-30.8669,	3.55903,	-0.267052,	12.3020,	-6.38611,	1.75345,	35.1947,	0.714648,	3.26648,	-26.7748,	-12.5699,	-6.15135,	-50.9851,	-43.8747,	-2.93634,	-13.8440,	20.2978,	-16.6514,	8.38814,	22.9389,	10.7228,	-19.3915,	0.529419,	-1.49709,	-37.0109,	32.3886,
 	-1.59841,	-0.396509,	0.865986,	34.2860,	-3.45107,	-40.8667,	13.0859,	-15.1018,	-9.75118,	-23.0706,	-57.9324,	-32.3950,	-2.54345,	0.654413,	-0.326462,	-12.9078,	10.4822,	-4.96435,	4.15614,	22.8624,	-4.40255,	-4.33470,	-46.8010,	85.7620,	10.5804,	-12.7033,	17.4072,	-24.7898,	-7.44164,	24.3544,	-5.03029,	8.84159,	18.8492,	0.0899412,	1.20478,	32.3891,	-3.00307,	12.8482,	-0.770474,	27.4932,	-2.41107,	4.71063,	42.7794,	12.7682,	-14.6287,	20.4082,	-30.0445,	-13.1122,	42.4924,	-62.3031,	23.5687,	10.5698,	17.5298,	22.9994,	-34.8000,
 	-9.86969,	-3.62731,	22.5130,	34.9959,	15.0113,	2.51635,	-42.5248,	7.12149,	-6.06390,	8.58027,	28.5767,	5.36061,	1.84143,	-8.50125,	3.85819,	8.54956,	14.3960,	-5.58223,	-11.0391,	3.33183,	25.7906,	-18.3352,	-49.4954,	24.7475,	15.9553,	28.7291,	17.0738,	38.9616,	14.9833,	-5.61097,	1.94798,	-4.99112,	10.4438,	1.28983,	1.84875,	13.8435,	-0.0428481,	3.97290,	-15.9248,	-0.901291,	2.11057,	2.32702,	-4.44267,	3.87759,	-8.67585,	21.3237,	-3.05735,	20.7611,	-2.84143,	15.5311,	-10.1275,	3.27089,	-5.99906,	34.5432,	52.6437,
 	4.39774,	55.9316,	1.98281,	18.0643,	11.5909,	-10.2284,	-51.1987,	-40.6822,	29.6326,	16.5780,	-13.1634,	50.8164,	-0.327569,	34.3164,	-3.27001,	-9.36693,	-20.3772,	-14.6127,	-5.98708,	29.8880,	-10.3824,	4.00068,	71.9399,	47.4647,	-10.7946,	-45.9090,	2.59367,	40.4963,	-9.06800,	-6.13971,	-15.5601,	13.9544,	-7.47268,	-0.766274,	-5.28552,	13.5591,	-2.75008,	20.6608,	-31.9092,	9.22909,	-14.2778,	35.3335,	-19.0545,	-0.838516,	-39.4704,	3.62165,	20.6785,	41.1906,	11.7635,	-44.8698,	-7.36058,	3.40811,	-20.6399,	-8.96919,	-38.0497,
 	2.93032,	10.6940,	-30.2260,	-72.2972,	-29.2774,	-43.5841,	80.1711,	13.5675,	1.32444,	-38.3852,	-12.5254,	-12.4780,	-12.2591,	-31.6812,	-11.4247,	-5.69776,	-27.9398,	27.6509,	4.21941,	14.2809,	20.5201,	-17.9965,	31.5051,	-34.2908,	-21.4903,	28.2094,	41.8243,	-80.1982,	-17.1440,	-10.7123,	3.19704,	15.6712,	37.8949,	-22.0766,	-5.76991,	-6.29249,	-3.86231,	11.3134,	24.0046,	13.4473,	-20.5423,	-29.5952,	-1.16659,	-22.9660,	1.78754,	-6.88844,	-33.3477,	-34.1552,	-31.2480,	53.2894,	11.9124,	-22.8776,	-8.43692,	-20.8110,	0.689130,
 	12.0340,	31.1636,	-5.55619,	0.164141,	-7.03169,	-18.5511,	-17.8937,	-2.04562,	-2.20827,	24.0359,	15.5854,	23.2847,	6.69891,	15.3997,	-4.37327,	12.4970,	22.3709,	3.64129,	-12.6956,	-33.2815,	-22.5839,	-37.9128,	-4.89248,	14.9695,	5.94761,	-10.9520,	-26.9188,	26.6288,	-20.0662,	23.8415,	23.2623,	-10.7175,	0.104011,	1.08878,	1.58637,	-24.2936,	7.56091,	-39.5045,	7.47022,	-20.2182,	7.50343,	-1.93668,	6.09257,	-11.6854,	9.72888,	12.7509,	8.58612,	16.0656,	-0.149984,	24.1381,	5.67155,	9.08110,	38.0911,	64.8102,	-18.5889,
 	-24.9988,	29.7371,	-4.30220,	8.69234,	-9.49824,	-7.72238,	21.8551,	-2.72397,	-4.20723,	0.345618,	-0.652480,	-13.6958,	-6.94384,	-22.2974,	-2.79315,	-13.4316,	-7.91395,	33.4985,	0.204169,	-29.4619,	-1.38620,	-6.79792,	36.6583,	-19.0803,	-0.418737,	42.0785,	26.2232,	-7.10247,	-7.39828,	-13.7034,	-44.6323,	4.81600,	4.42875,	6.28673,	-10.6858,	-14.7874,	0.256705,	7.79716,	-6.38015,	-13.8768,	-43.8823,	-9.27237,	11.0947,	-4.29574,	-10.4319,	-27.6539,	-1.87884,	8.65163,	36.5692,	-13.4947,	-22.4096,	-12.7905,	-4.16754,	-3.64810,	8.55964,
 	-10.8059,	2.99510,	0.214681,	-10.6828,	2.53084,	-7.99867,	3.64170,	17.1893,	1.32103,	-12.5987,	32.2756,	4.66506,	-3.90019,	-28.8562,	-3.69413,	14.5848,	3.55955,	4.01567,	-11.0164,	9.89353,	49.1654,	-20.3570,	-19.3353,	-2.68915,	7.12103,	28.1041,	44.9794,	18.9647,	9.18376,	-14.1089,	8.82687,	3.07637,	36.1504,	-10.7757,	1.87885,	-3.13815,	-1.47045,	7.88154,	-3.07752,	9.22520,	-10.9966,	-8.08712,	4.24042,	-3.51718,	-5.78291,	26.4681,	-20.8824,	3.74499,	-10.0431,	52.8826,	0.466191,	-4.45858,	-9.92768,	34.0765,	80.0390,
 	-4.79769,	0.810527,	1.15053,	3.00479,	2.70355,	4.34916,	-5.28724,	-1.06723,	0.257884,	1.82806,	2.06588,	-3.92320,	-3.15776,	1.37398,	1.49447,	-2.75992,	-5.25831,	0.667146,	-4.10512,	1.68810,	10.7026,	-1.53855,	0.828507,	-0.879977,	1.40926,	-1.08922,	-1.16167,	-0.565663,	-5.16814,	-3.25492,	5.29398,	-2.13462,	-3.31427,	-1.95651,	-0.230883,	8.19834,	0.225081,	9.65687,	-0.317125,	17.0483,	3.07256,	2.88296,	0.986438,	0.294550,	-0.878366,	-0.894929,	0.0919641,	-0.473186,	2.24400,	5.58276,	2.87586,	0.859494,	2.47057,	-1.43029,	3.53562,
 	-4.66904,	0.847115,	1.26790,	3.07761,	2.63410,	4.40215,	-5.29868,	-1.13173,	0.354257,	1.95187,	2.09343,	-3.93675,	-3.11749,	1.43038,	1.56001,	-2.69649,	-5.15500,	0.621802,	-4.10734,	1.75100,	10.7143,	-1.46146,	0.797860,	-0.881587,	1.45272,	-1.08456,	-1.13975,	-0.567397,	-5.32856,	-3.18559,	5.35048,	-2.20693,	-3.29733,	-2.13371,	-0.0828224,	8.12204,	0.268890,	9.58990,	-0.342353,	17.0083,	3.04715,	3.00351,	1.03335,	0.264592,	-0.750635,	-0.806682,	0.0500397,	-0.476160,	2.40211,	5.68732,	2.84390,	0.856645,	2.36204,	-1.37775,	3.50541)
 b.b = VectorD(-17.5406,	-18.9402,	-18.4055,	60.8671,	-26.2284,	-41.9379,	-5.74064,	-6.18537,	-41.3117,	-28.8382,	-28.3226,	-17.6885,	-17.0936,	3.83336,	-16.2953,	-22.7876,	-23.8881,	16.8771,	-34.5016,	22.0677,	-19.2969,	-46.1071,	-31.6183,	-12.5909,	-8.48844,	34.5477,	-3.50960,	-75.9235,	5.09297,	-37.6579,	-34.3819,	7.49893,	-38.9676,	-28.3720,	-12.6721,	-122.447,	-7.51053,	10.5274,	2.13619,	-0.579929,	-33.5145,	-28.5773,	-97.3509,	-26.0310,	-29.0701,	-24.0203,	-33.8762,	-10.9978,	-69.2330,	37.9013,	-26.1727,	-31.4819,	-18.2301,	-34.7552,	-27.8486), b.w =
MatrixD (-12.7279,
 	6.80049,
 	-7.38857,
 	17.5039,
 	-13.8859,
 	-20.1612,
 	-32.9953,
 	-14.4792,
 	-10.8807,
 	-3.54356,
 	-10.8535,
 	-8.49207,
 	-24.5317,
 	7.61440,
 	-17.4846,
 	-10.4799,
 	-5.09718,
 	13.0899,
 	-10.8243,
 	-20.3607,
 	-14.0447,
 	-17.0683,
 	-22.6992,
 	-21.0763,
 	9.19705,
 	-17.2050,
 	-21.2878,
 	-22.1421,
 	11.0561,
 	-16.1324,
 	-6.45101,
 	-26.6330,
 	-11.6054,
 	-17.0888,
 	-15.7255,
 	-20.9471,
 	-21.6035,
 	-42.9625,
 	13.2537,
 	-6.45710,
 	-25.8505,
 	22.5901,
 	-12.8566,
 	-8.82960,
 	-29.6472,
 	-10.6936,
 	-6.25902,
 	15.0298,
 	-18.6589,
 	11.4430,
 	-4.77341,
 	-7.51562,
 	-11.2581,
 	-17.4210,
 	-19.3983)
 b.b = VectorD(18.9686))
    ----------------------------------------------------------------------------
    fitMap     qof =
		rSq 	 -> VectorD(0.316040)
		rSqBar 	 -> VectorD(0.315103)
		sst 	 -> VectorD(2.07431e+08)
		sse 	 -> VectorD(1.41875e+08)
		sde 	 -> VectorD(84.5033)
		mse0 	 -> VectorD(7188.98)
		rmse 	 -> VectorD(84.7879)
		mae 	 -> VectorD(48.8611)
		smape 	 -> VectorD(50.1247)
		m 	 -> VectorD(19735.0)
		dfm 	 -> VectorD(27.0000)
		df 	 -> VectorD(19708.0)
		fStat 	 -> VectorD(337.279)
		aic 	 -> VectorD(-115573)
		bic 	 -> VectorD(-115352)
		mape 	 -> VectorD(55.3601)
		mase 	 -> VectorD(1.67599)
		smapeC 	 -> VectorD(50.1275)
		picp 	 -> VectorD(-1.00000)
		pinc 	 -> VectorD(-1.00000)
		ace 	 -> VectorD(-1.00000)
		pinaw 	 -> VectorD(-1.00000)
		iscore 	 -> VectorD(-1.00000)
		wis 	 -> VectorD(-1.00000)

    ----------------------------------------------------------------------------

Run + title
Run + title
---------------------------------------------
| Small Example - NeuralNet_XL: trainNtest2 |
---------------------------------------------
auto_optimize: etaI = (2.5E-4,0.004)
optimize: bSize = 6, nB = 3289
auto_optimize: eta = 2.5E-4, result = (1.1513760144174117E8,400)
auto_optimize: b = Array(b.w =
MatrixD (8.85578,	-3.11734,	8.40509,	-2.06238,	-34.9235,	10.7280,	7.17078,	15.3921,	5.23788,	7.04044,	6.13106,	7.21451,	6.01291,	-33.5100,	0.968660,	-9.85770,	-0.0817174,	18.4142,	10.5630,	32.5457,	16.4960,	10.3871,	2.07524,	-7.85252,	15.6676,	-2.08510,	6.22701,	19.9687,	1.49873,	11.3619,	11.6058,	4.13796,	2.08702,	31.0085,	6.59095,	-4.40981,	21.2957,	7.55121,	3.60666,	5.95127,	22.7435,	11.4454,	-3.58643,	-24.7049,	-1.77521,	13.8061,	24.4445,	13.7519,	1.47399,	17.6758,	5.11893,	4.83103,	6.09989,	1.23784,	18.0579,
 	2.75545,	-6.80015,	20.1804,	13.7215,	-18.7756,	-13.3184,	3.33676,	8.30885,	3.73444,	11.8279,	-1.97354,	-4.93525,	-5.17463,	33.8429,	12.5258,	1.65759,	-10.4948,	-0.253288,	-2.38725,	-0.103640,	-0.820069,	2.19182,	-20.9807,	-12.6499,	-20.2153,	22.0980,	34.6074,	-3.91337,	30.0955,	6.00910,	0.580299,	-11.4097,	0.789759,	-6.93181,	-10.1836,	11.9871,	5.69212,	2.21015,	-1.78422,	-7.34437,	-5.24660,	-13.2653,	20.5124,	7.29250,	29.5934,	-12.2288,	-3.73873,	19.2234,	4.93704,	-20.1567,	6.05164,	-6.48694,	-2.10454,	0.678295,	-13.4924,
 	1.37379,	26.0018,	3.02008,	33.6417,	-11.6926,	28.2542,	8.16420,	5.80513,	11.2969,	27.3165,	14.3678,	-0.553601,	-35.6383,	-32.9331,	-26.8978,	0.698881,	8.13837,	-3.38420,	-12.4286,	2.54753,	7.52084,	1.77866,	-14.9602,	22.6131,	17.3906,	-22.7908,	-16.3100,	11.2186,	-60.6894,	-9.22453,	-4.50555,	11.2938,	-1.80685,	4.79834,	23.4639,	-24.3856,	-0.622851,	-1.29722,	-1.79209,	5.36645,	6.67713,	6.24859,	-8.22569,	-89.9748,	7.85018,	7.69831,	11.5731,	8.89310,	-37.2260,	10.4863,	11.9738,	13.3552,	-12.0177,	25.2310,	6.57275,
 	11.2924,	24.8116,	28.5829,	7.37847,	56.2601,	2.83313,	16.9611,	12.9559,	22.4555,	4.96423,	11.6281,	9.39196,	-24.3650,	9.94799,	17.0589,	12.7557,	8.31910,	4.55133,	-0.374889,	7.93633,	7.40266,	21.0880,	16.3643,	47.0887,	-11.1138,	-4.88077,	-42.1839,	15.9123,	10.3288,	4.23667,	12.8508,	8.52246,	-2.10424,	13.9512,	1.21957,	-21.5604,	5.47759,	1.31826,	2.59806,	-1.34449,	10.7787,	-4.69212,	7.20385,	6.77787,	-0.503038,	-3.59427,	16.0809,	10.0981,	22.1343,	12.6882,	25.0860,	-1.73409,	7.07312,	-5.88610,	7.46151,
 	6.54619,	-16.6610,	-10.4349,	14.3253,	15.9744,	41.7381,	9.47244,	11.9823,	-14.8632,	16.9570,	-6.08174,	-1.35615,	-4.42003,	71.1133,	26.9651,	9.95108,	23.5344,	-2.56013,	-6.13948,	-13.4850,	4.44144,	-0.778890,	13.3876,	15.3810,	-2.03094,	-6.53774,	29.5583,	13.7167,	22.5368,	1.45564,	-6.19188,	-5.89957,	-2.18869,	-15.4243,	-8.63854,	-21.0008,	-14.0157,	-5.82988,	13.6752,	1.15225,	-21.7125,	-5.25071,	4.19555,	27.9265,	12.1436,	-5.81413,	-16.3859,	-5.92725,	1.40022,	1.76422,	8.97623,	-7.94656,	-3.63671,	-2.92372,	-9.25617,
 	-3.76085,	9.90575,	-12.0096,	-12.8111,	4.41717,	22.9570,	6.68831,	-3.83617,	0.995159,	-7.25831,	0.778240,	-5.30359,	-21.2082,	-63.4675,	-59.4504,	-25.1023,	-18.4008,	2.07255,	6.26920,	-1.34388,	5.15297,	-17.4280,	-35.5207,	14.9323,	-26.6995,	-14.6699,	-10.5246,	34.2327,	-0.539231,	13.8278,	-4.12784,	6.78017,	-17.4432,	8.83789,	10.0588,	18.6460,	2.84144,	-5.61327,	19.0345,	20.5673,	-14.9008,	-3.24076,	14.2528,	-54.1960,	16.6132,	-2.09316,	-6.79959,	2.87160,	3.74251,	9.15029,	4.11916,	-18.0720,	-5.67023,	10.6408,	-2.51050,
 	8.59104,	-25.9513,	11.5181,	0.386213,	-13.0278,	1.55661,	3.12343,	-3.48471,	-1.07499,	0.656760,	6.10879,	1.02611,	-0.280505,	-54.0801,	-55.2846,	41.6034,	-5.52656,	1.33215,	8.75673,	14.4047,	5.90933,	11.7046,	16.3634,	-8.56523,	21.4772,	15.4584,	17.8832,	9.25814,	-23.7227,	7.11965,	3.34873,	-5.83834,	-2.80727,	16.4329,	23.8290,	5.35244,	-4.34078,	-11.0905,	-2.31904,	-12.4940,	-14.3951,	-1.99018,	-21.2808,	-16.5205,	-9.60182,	0.605780,	25.3963,	-5.52147,	6.84097,	-7.57812,	14.4397,	-15.2870,	-0.538862,	-16.2524,	16.2393,
 	9.09070,	-16.7698,	6.77144,	-22.2463,	-18.6947,	-5.37645,	-4.64578,	-9.17757,	-2.86774,	21.0178,	-8.03654,	8.31995,	3.98988,	-0.946467,	33.5920,	-29.1943,	7.49245,	-0.636116,	-8.37169,	-7.91845,	10.5129,	-9.34658,	11.3522,	-8.91911,	-13.4173,	-29.9941,	12.9769,	2.73261,	-3.12353,	-0.181935,	6.73987,	3.66506,	6.96502,	-12.7524,	0.905570,	-16.5752,	12.7712,	0.386002,	10.5196,	10.6488,	-2.23548,	2.16369,	5.28119,	16.9278,	-15.2184,	3.56129,	7.87330,	0.280675,	13.0694,	19.4272,	-16.5614,	1.29591,	-6.06480,	-27.7247,	-13.6452,
 	6.28476,	17.3653,	23.2450,	4.80322,	14.1473,	14.7062,	4.47403,	-5.97944,	6.83911,	18.0209,	-2.88798,	-2.32610,	-21.9586,	5.75205,	-0.616314,	-8.05936,	29.2433,	-0.408868,	-0.741026,	-0.180650,	5.14388,	-3.40700,	28.7690,	22.0577,	13.2438,	8.23638,	-40.5471,	-6.90714,	3.17616,	6.95505,	2.67135,	-15.9451,	-12.6191,	6.48589,	-18.9947,	-26.8327,	-5.24817,	6.32910,	12.0843,	9.52516,	-4.38241,	-4.97908,	7.35122,	-31.1704,	-6.97204,	-5.14334,	6.54161,	-2.46079,	6.95934,	5.99465,	4.60114,	-12.2271,	-5.63983,	24.8553,	5.45577,
 	-0.188018,	-11.2677,	-13.5924,	2.78802,	-29.8203,	3.84175,	8.95383,	7.21370,	7.31000,	-35.1884,	-4.55954,	10.8974,	-33.9907,	25.8305,	15.5674,	35.3959,	-13.2739,	-2.06829,	-14.3281,	0.861513,	2.89399,	9.53447,	-38.0945,	-5.26770,	0.403886,	-27.2655,	5.31852,	9.59567,	22.5904,	-3.76723,	-1.93251,	17.7173,	-9.90252,	16.6210,	-8.74633,	7.17997,	-10.6077,	-3.14681,	18.1915,	-16.4781,	2.91030,	-1.53794,	-2.39714,	18.2458,	-4.97022,	-0.610387,	0.792423,	10.7126,	24.0300,	-2.97677,	9.55383,	-14.0065,	4.76063,	4.44514,	-7.14021,
 	-1.98859,	3.32042,	10.6947,	0.747789,	-2.98502,	2.85324,	-9.46000,	-6.35117,	-3.00547,	11.7790,	13.4717,	6.23331,	-18.9833,	34.9026,	17.7019,	-20.8906,	5.06183,	-0.844259,	3.00260,	17.8650,	2.63329,	3.06270,	3.76020,	-6.59993,	23.9302,	8.71776,	-9.10774,	-0.772169,	3.75049,	-5.56314,	9.54750,	14.0553,	11.7017,	4.69243,	8.95352,	2.00837,	-11.8241,	15.7359,	-21.4577,	18.8849,	-1.23283,	4.99779,	-17.2236,	40.2449,	18.1614,	5.81596,	3.97160,	7.64473,	-6.73062,	-22.4328,	2.69494,	9.80465,	6.27049,	-2.97482,	25.5391,
 	-12.4499,	-5.46576,	-11.5058,	-6.49653,	-0.233296,	-1.21064,	-7.66258,	-0.348919,	4.32664,	-8.47526,	2.62386,	7.89479,	11.3138,	-8.83927,	-1.09511,	-8.25615,	-1.25621,	-1.71551,	4.48875,	-4.67455,	-9.39586,	7.59238,	-33.9587,	3.12233,	1.27333,	21.3052,	-30.9277,	-15.0357,	-12.2545,	-1.77505,	-3.00102,	-33.3581,	-8.33988,	-3.57668,	5.60420,	-45.7751,	-2.16990,	-5.20220,	-6.71927,	-9.30116,	-7.59354,	2.13680,	-9.00617,	-26.6644,	-43.6211,	1.81399,	-9.13911,	-3.94674,	3.29665,	-4.99877,	-4.97786,	5.82143,	14.4433,	-5.87610,	6.50496,
 	24.2378,	-28.3961,	6.01723,	-3.45625,	-2.33783,	-6.76344,	-20.4491,	9.58949,	2.17459,	26.4485,	4.66479,	4.58041,	-10.2597,	-10.2005,	0.451460,	3.67198,	7.31648,	7.39337,	4.62286,	9.75635,	4.26587,	4.35381,	-22.6248,	-6.33999,	-8.03511,	6.76541,	3.76915,	9.83000,	-31.4043,	-0.180041,	1.56981,	14.5043,	-9.18004,	10.5670,	2.29823,	-13.1406,	-4.66421,	-7.99410,	25.7822,	2.04967,	8.28668,	-5.70087,	5.11393,	5.73791,	-6.06301,	-6.34929,	5.75025,	-13.6142,	11.3796,	-17.7526,	11.0108,	20.8634,	4.22411,	-7.48357,	-8.76978,
 	-17.2983,	7.34996,	-1.54125,	-0.959722,	-8.74022,	-13.2647,	-14.4194,	-7.63878,	-0.494657,	1.00465,	-10.4989,	-10.7106,	41.2922,	-29.5697,	-12.1206,	4.47691,	25.5844,	5.78258,	10.9016,	3.58039,	-7.28074,	-12.5813,	-12.1333,	-10.0811,	10.4463,	-2.83969,	9.89882,	-37.8288,	-3.01540,	-5.16735,	-4.66240,	1.31535,	19.2579,	3.67141,	-21.5527,	-14.5659,	10.2037,	0.262111,	9.94218,	12.9599,	14.6213,	0.774698,	22.0861,	8.17342,	-3.23771,	1.52184,	10.7469,	16.2416,	27.9718,	3.30245,	-11.6553,	-1.36101,	8.23524,	6.75273,	-9.02424,
 	19.6886,	-0.760322,	7.22658,	-17.7886,	14.3681,	1.13571,	-3.81319,	-12.8407,	5.07021,	-15.8694,	3.53994,	2.04704,	-22.7891,	-4.55995,	22.9341,	33.0504,	24.0909,	3.32448,	-4.39216,	-6.08133,	-8.78157,	-3.46014,	-0.953310,	-10.3003,	-24.2258,	3.57590,	13.4968,	-7.47562,	7.80852,	3.55082,	0.943494,	-11.8228,	30.3850,	2.65758,	-12.1391,	19.3361,	-4.96239,	-5.23869,	4.26799,	9.86514,	9.72474,	1.40989,	-7.47068,	22.6953,	-8.07697,	1.98036,	2.56559,	-0.864463,	7.77840,	-10.0666,	-0.372950,	-1.21080,	-2.75810,	-17.6287,	-11.0015,
 	-0.634372,	8.51245,	8.66958,	-0.00854329,	-36.3208,	5.98199,	-13.8974,	5.59020,	2.18028,	8.15681,	2.88622,	-8.65278,	6.93190,	5.54686,	14.3759,	-7.00031,	-31.6845,	5.90658,	12.2566,	4.49972,	-11.6527,	-1.62762,	3.10748,	0.0475283,	17.8692,	14.3132,	12.9724,	10.6522,	-16.1695,	7.44758,	7.02824,	-1.62668,	6.64326,	-3.40383,	13.2215,	32.4741,	-0.577134,	12.3400,	-12.3649,	-6.32649,	-5.06338,	-4.77886,	21.0928,	-30.4804,	-18.4170,	-5.22180,	-10.8697,	20.1891,	28.5589,	-25.5890,	5.19635,	11.0607,	0.922953,	8.39658,	-7.75698,
 	15.3611,	32.6935,	-3.46689,	-4.85149,	-41.7461,	6.01692,	-10.4405,	-24.5680,	2.89637,	-2.29307,	-1.14330,	-2.56316,	-3.50713,	26.2135,	-14.1797,	14.1649,	-33.2813,	4.66191,	6.30701,	9.02070,	0.179483,	-13.4517,	14.7889,	-14.0770,	-13.1846,	12.3074,	31.4087,	0.672630,	26.7183,	7.09449,	-5.27026,	-14.6574,	8.05958,	11.3918,	2.34872,	51.7090,	2.24362,	15.0320,	0.378833,	-1.03739,	1.22512,	3.83670,	-27.2034,	14.8394,	7.54585,	4.95657,	-9.44042,	-5.33987,	-15.2393,	-33.5052,	-4.43749,	13.1886,	-11.0035,	-7.57254,	-5.30315,
 	-19.2060,	-22.5135,	-3.51370,	1.40475,	7.63778,	-11.9411,	-0.128320,	-1.78151,	-9.77985,	-36.6333,	-12.5492,	-4.55497,	-4.13881,	24.2292,	26.7059,	5.57060,	20.8481,	2.95106,	-9.18029,	-10.7421,	7.59341,	6.09136,	-35.8215,	-19.5245,	0.645331,	-33.8218,	22.2786,	3.24911,	15.4340,	-6.13326,	0.197262,	-0.227062,	-10.0668,	-5.32358,	-10.0892,	-1.11784,	-12.6649,	-2.55751,	-0.881438,	-4.50799,	-2.96952,	1.17293,	2.31469,	28.7277,	-36.7630,	0.510846,	-17.2222,	5.09953,	-2.31277,	-0.653131,	0.0643737,	-14.1722,	6.28464,	-12.9337,	-1.96608,
 	-20.7593,	-12.4777,	-9.18496,	-0.256404,	2.72514,	-52.8302,	10.6466,	12.8800,	0.650732,	-0.455397,	6.36680,	4.64262,	-25.5546,	4.18017,	-4.77870,	-10.0385,	-10.6082,	-4.90549,	0.368999,	-0.397851,	0.857644,	13.8756,	-3.91690,	-5.13146,	-9.35567,	31.1964,	6.63157,	5.22950,	-30.6590,	-9.59773,	-1.40287,	-9.69345,	0.294152,	4.91223,	-1.17025,	3.90152,	-4.41978,	-12.0443,	16.2977,	13.8091,	-7.75424,	6.81591,	-13.9404,	28.9016,	24.6186,	8.79891,	1.01111,	5.38704,	-18.9236,	-8.64745,	-5.88437,	24.0910,	2.27236,	-11.0022,	4.85921,
 	0.274499,	-0.403348,	-5.34156,	0.265772,	-2.45839,	-8.53344,	-17.0536,	-15.3216,	-1.76758,	-14.9714,	-1.89103,	2.16613,	-3.94366,	11.6907,	4.39544,	20.3156,	2.20246,	-2.28848,	2.46739,	0.199439,	0.189898,	5.07412,	-12.6585,	-11.0423,	15.3331,	19.8794,	1.94546,	-5.30592,	-11.9757,	-2.48642,	-4.61363,	-0.0406399,	-8.62662,	-6.04585,	6.61626,	12.1092,	-4.57083,	-5.27766,	-6.85130,	-1.33628,	-3.42975,	1.98817,	21.6715,	1.29829,	-4.81432,	2.00924,	-9.66944,	2.74192,	6.76314,	-5.28841,	1.05146,	-3.55192,	9.61725,	2.81417,	2.65751,
 	-0.120774,	-3.43168,	-0.592810,	-2.60258,	13.8360,	8.44023,	-6.73150,	-11.3998,	-6.89997,	-29.2911,	-4.44131,	-9.53813,	-15.4204,	-0.597049,	-14.5756,	10.6285,	7.41094,	0.713381,	8.20560,	12.7319,	2.48812,	-20.5704,	-21.3143,	12.0265,	25.1038,	3.14344,	-15.8914,	29.0559,	-8.09483,	12.4364,	3.13760,	11.9573,	15.4687,	16.2358,	-1.43374,	9.94804,	3.00652,	4.18094,	15.4652,	-10.2064,	8.27390,	4.41288,	-3.41551,	5.39243,	7.13810,	5.11038,	9.45072,	-1.70898,	-7.41413,	8.47509,	-6.84596,	17.2842,	-4.91423,	-18.2248,	-14.6053,
 	-13.2997,	-2.38243,	-12.3361,	-13.8303,	-28.1692,	0.400972,	-2.27133,	3.81166,	2.04344,	-11.1797,	-13.7141,	-7.28331,	14.1752,	-0.104234,	13.6005,	-15.0818,	-9.53291,	-6.24172,	-9.55004,	-5.02356,	-2.29029,	-12.6944,	-6.72389,	-7.10424,	-7.49299,	-15.1577,	15.8779,	4.21527,	30.3058,	-5.42631,	3.68679,	2.33133,	-14.4375,	-3.96387,	-0.738456,	0.310997,	-7.74648,	2.10179,	2.12636,	-7.93751,	0.149215,	-0.135667,	-22.4772,	-11.4954,	7.32688,	-1.26017,	-2.56736,	5.10320,	-1.64499,	4.09360,	-6.96292,	-7.75045,	-6.76308,	-26.0036,	2.75239,
 	-8.95953,	10.9421,	8.13279,	33.4374,	7.00104,	7.14442,	2.52996,	9.18921,	-8.41243,	10.9946,	2.01952,	-11.9699,	-0.181237,	-1.19987,	4.92187,	7.59769,	-32.5707,	-1.25911,	2.65850,	-2.73400,	13.9298,	-1.65562,	-29.8796,	-10.4467,	4.71143,	10.0833,	1.55441,	9.15131,	-15.0682,	-5.85413,	4.88778,	17.6991,	6.36987,	-10.8645,	-5.10878,	9.55825,	20.1414,	4.84561,	-21.8565,	-4.66551,	18.8608,	0.0909725,	-3.58689,	7.49787,	5.53026,	1.26942,	23.0138,	-21.7278,	21.0438,	13.4722,	-2.57578,	2.07456,	1.57722,	24.3196,	-7.26463,
 	-6.86435,	8.49383,	-23.0500,	-2.51946,	5.16225,	7.60803,	-3.93240,	-16.9353,	-8.59035,	4.92109,	-3.89829,	-12.5593,	-7.35854,	13.7098,	0.103298,	-17.7845,	-2.09759,	1.92083,	-0.721384,	3.29714,	7.16717,	-1.50121,	-16.6625,	-15.5554,	8.55722,	5.07750,	-0.406673,	0.766107,	-6.75145,	-15.1488,	1.49140,	-4.42808,	-0.0628085,	4.36744,	-6.50662,	-2.08298,	-0.450298,	1.17800,	10.4068,	9.56198,	6.98870,	-4.64030,	4.51874,	-3.68180,	-2.29953,	-2.83931,	2.68256,	-5.12861,	8.29782,	3.22741,	-17.5821,	-19.6337,	5.51143,	-12.4173,	3.12913,
 	-7.18186,	4.12375,	-17.6708,	-2.11275,	-2.56494,	-9.96955,	-21.5334,	-9.19421,	6.84722,	-25.0544,	-9.91647,	-1.95479,	12.2223,	-6.49943,	19.6909,	4.26756,	16.6141,	-5.98703,	5.00222,	-0.295170,	0.758657,	-9.86996,	-15.1134,	-10.7999,	2.65240,	9.88844,	19.0793,	-2.14909,	-10.5344,	-4.00353,	-3.69788,	8.85071,	4.19179,	-10.5441,	9.38410,	2.23838,	-14.2433,	0.406082,	-4.71109,	-11.3395,	-3.99350,	3.08253,	30.3101,	17.9590,	-12.6273,	2.70299,	-14.8245,	-7.66783,	6.36026,	-7.12984,	0.177624,	-4.98228,	12.0769,	-11.3294,	4.81740,
 	-0.628050,	-0.127107,	0.157359,	0.289404,	0.637461,	0.693281,	0.111511,	0.836948,	0.0273851,	0.559873,	-0.755488,	1.33778,	-0.243592,	-0.565931,	0.402376,	0.250417,	0.966689,	4.52526,	2.19101,	0.672174,	5.58993,	0.685412,	-0.506485,	0.141534,	-0.707151,	-0.511877,	-0.681486,	1.13220,	1.02597,	-1.25118,	-3.17188,	-0.206516,	-0.696433,	2.13375,	1.48184,	-0.183042,	0.762233,	1.74461,	0.402775,	-0.191200,	1.27077,	-0.745109,	0.472168,	-0.835973,	-0.962890,	-0.734207,	0.306780,	0.578555,	-0.0955151,	0.219592,	0.381601,	-1.41690,	-2.65164,	1.31885,	-0.434514,
 	-0.499397,	-0.0905190,	0.274729,	0.362223,	0.568016,	0.746273,	0.100069,	0.772449,	0.123758,	0.683684,	-0.727945,	1.32423,	-0.203320,	-0.509536,	0.467908,	0.313851,	1.07001,	4.47992,	2.18879,	0.735080,	5.60158,	0.762499,	-0.537132,	0.139925,	-0.663692,	-0.507213,	-0.659562,	1.13046,	0.865551,	-1.18185,	-3.11538,	-0.278828,	-0.679486,	1.95655,	1.62990,	-0.259342,	0.806043,	1.67764,	0.377547,	-0.231144,	1.24536,	-0.624555,	0.519077,	-0.865931,	-0.835159,	-0.645961,	0.264856,	0.575581,	0.0625909,	0.324157,	0.349643,	-1.41974,	-2.76017,	1.37139,	-0.464726)
 b.b = VectorD(-4.49763,	-21.5279,	11.0201,	-15.4185,	-54.6219,	-3.97170,	-19.5310,	-32.3643,	-2.94777,	-6.64959,	-12.1304,	-14.8431,	-28.3941,	-20.0436,	-8.33968,	-20.9804,	-36.7887,	-10.7975,	-18.8386,	-5.56294,	-18.5231,	-1.25135,	0.373640,	-28.9378,	-8.86727,	-26.4940,	-48.0560,	-36.8504,	-37.7759,	-24.3943,	-14.0354,	-18.9188,	-21.4303,	-11.2388,	-11.1573,	-39.8492,	5.22273,	-8.90068,	-36.7860,	-10.1343,	-7.51374,	-9.51089,	-1.62212,	-28.9305,	-23.3930,	-10.1532,	4.82887,	-12.8544,	-9.13655,	-15.6495,	-21.4248,	-13.1205,	-7.99373,	-15.6187,	-7.02211), b.w =
MatrixD (19.7726,
 	32.8398,
 	18.6802,
 	-26.6756,
 	-18.6359,
 	-22.1224,
 	-20.6590,
 	-22.8608,
 	11.8891,
 	-30.3714,
 	28.9565,
 	-20.2475,
 	-27.4286,
 	-23.5637,
 	-20.6646,
 	-24.8018,
 	-16.8267,
 	-31.0144,
 	-19.3932,
 	18.4430,
 	-21.3419,
 	-30.1354,
 	-26.0354,
 	-19.7614,
 	17.4233,
 	-18.7921,
 	-18.4437,
 	-40.9802,
 	-22.5167,
 	-16.8744,
 	-21.9395,
 	17.5756,
 	-20.5438,
 	20.8148,
 	18.3090,
 	-19.3629,
 	14.0544,
 	-16.1522,
 	-14.4426,
 	-18.8075,
 	34.8917,
 	15.2445,
 	-24.1144,
 	-20.8938,
 	-20.6910,
 	14.7996,
 	17.1368,
 	18.4345,
 	-26.1793,
 	-18.1050,
 	-26.4321,
 	-15.0727,
 	-10.7546,
 	29.1053,
 	18.9723)
 b.b = VectorD(10.1352))
optimize: bSize = 6, nB = 3289
auto_optimize: eta = 4.84375E-4, result = (1.1358869147487055E8,301)
auto_optimize: b = Array(b.w =
MatrixD (8.89400,	-2.29378,	9.76108,	-2.07746,	-34.5960,	11.3454,	7.24069,	15.9611,	5.56036,	7.02334,	6.91022,	7.18559,	5.42146,	-32.9948,	0.748559,	-9.19378,	0.223690,	18.2973,	10.1108,	32.4159,	16.6659,	10.2072,	0.839134,	-6.71378,	15.2646,	-1.78773,	7.76727,	20.4182,	0.925131,	11.4066,	11.6694,	4.24257,	1.83690,	31.1899,	7.81694,	-4.04753,	21.4465,	7.51755,	3.52608,	5.29239,	22.2926,	11.4788,	-2.67485,	-23.7703,	-2.09570,	13.7138,	24.1631,	13.6742,	1.99639,	17.6799,	4.73136,	5.29526,	5.34942,	2.46676,	17.9550,
 	2.65725,	-6.96198,	19.7689,	13.1067,	-18.5132,	-13.5124,	3.56573,	8.11515,	3.49294,	11.7597,	-1.89512,	-5.00487,	-5.11363,	33.6849,	13.3503,	1.75581,	-10.9899,	-0.466778,	-2.41619,	-0.0835278,	-1.08437,	2.25941,	-20.7892,	-12.2893,	-20.2328,	21.5350,	34.4574,	-3.32844,	30.5467,	6.12946,	0.871091,	-11.0542,	0.960949,	-7.05668,	-10.3324,	11.4064,	5.57968,	2.70337,	-2.60165,	-7.40216,	-4.77625,	-13.2908,	20.2800,	7.70397,	29.4024,	-12.3251,	-3.91591,	18.9641,	5.05789,	-20.0603,	6.26328,	-6.32207,	-1.90913,	0.621075,	-13.6491,
 	1.16449,	25.8099,	3.41891,	33.7799,	-11.3953,	28.0177,	8.47371,	5.57962,	11.2938,	27.4290,	13.4556,	-0.619975,	-35.6309,	-33.0702,	-27.4814,	1.06864,	8.05297,	-3.37291,	-12.7909,	2.36375,	7.55319,	1.67628,	-15.0017,	21.7992,	17.2863,	-23.4676,	-16.4145,	10.8776,	-61.1096,	-9.14993,	-4.34278,	11.2729,	-1.79774,	5.03224,	23.5033,	-23.9644,	-0.626073,	-1.23918,	-2.03123,	5.24323,	6.53199,	6.26145,	-8.08737,	-89.4329,	8.32429,	7.72221,	11.6098,	8.89931,	-36.3822,	10.6039,	12.2232,	13.4355,	-11.9535,	25.5926,	6.60964,
 	11.1729,	25.4411,	28.4888,	7.29707,	56.1959,	2.73800,	16.8084,	12.8143,	22.3910,	4.94666,	11.7385,	9.02697,	-24.8196,	10.0952,	17.6624,	12.9863,	7.62287,	4.40540,	-0.755969,	7.99214,	7.28497,	21.1366,	15.9241,	46.7016,	-11.1184,	-5.72114,	-42.2788,	16.5217,	11.2214,	4.37822,	13.0651,	8.36065,	-2.01404,	14.0000,	1.62990,	-21.9392,	5.45598,	1.70360,	1.92134,	-1.81957,	11.0309,	-4.76699,	7.31303,	7.17521,	-0.382485,	-3.67464,	15.8028,	9.97738,	22.7622,	12.6990,	24.9180,	-1.62606,	7.07496,	-5.57845,	7.33050,
 	6.44409,	-17.4586,	-10.3870,	14.3831,	16.3786,	41.5346,	10.0795,	11.9099,	-14.7713,	17.2473,	-6.27634,	-1.18185,	-3.94972,	70.7934,	26.1006,	10.2314,	23.7832,	-2.58359,	-6.16414,	-13.7091,	4.42531,	-0.942814,	13.9071,	14.8748,	-2.12126,	-6.69162,	29.5147,	13.4499,	21.5490,	1.42804,	-6.15565,	-5.80295,	-2.08157,	-15.4716,	-8.88844,	-20.5020,	-13.9976,	-5.68067,	13.6712,	1.40807,	-21.7336,	-5.16884,	4.12175,	27.9079,	12.4365,	-5.79514,	-16.4345,	-5.84349,	1.33836,	1.71175,	9.72100,	-7.95098,	-3.42942,	-2.81715,	-9.27885,
 	-4.06898,	9.87831,	-12.0293,	-12.9541,	4.40913,	23.1908,	6.95769,	-3.70529,	0.950898,	-7.67488,	0.998438,	-5.54349,	-21.3585,	-62.8850,	-59.0594,	-24.9142,	-18.9265,	1.99797,	5.74635,	-1.35252,	5.02517,	-17.2996,	-35.7264,	15.2078,	-26.8045,	-15.9867,	-10.9081,	34.1542,	-0.220412,	13.8353,	-3.75813,	6.73789,	-17.3219,	8.94110,	10.3521,	18.4072,	2.68668,	-5.24599,	18.2679,	20.4525,	-14.8626,	-3.36717,	14.1774,	-53.4895,	17.0897,	-2.07182,	-7.11619,	2.82740,	3.27221,	9.25262,	4.37930,	-17.9966,	-5.24157,	10.4432,	-2.68203,
 	8.46329,	-26.2798,	11.4234,	0.201911,	-13.0406,	0.791731,	3.07492,	-3.58928,	-0.930676,	0.503994,	5.90386,	1.10333,	0.0456610,	-54.5390,	-55.7874,	42.0942,	-5.45486,	1.19175,	8.38851,	14.0418,	5.82634,	11.5651,	16.4564,	-9.04388,	21.0960,	14.9253,	17.2920,	8.47714,	-23.9372,	7.01725,	3.28083,	-5.70851,	-2.74943,	16.0413,	23.1951,	5.46459,	-4.40048,	-11.0277,	-2.73770,	-12.6541,	-14.4863,	-1.83558,	-21.1108,	-17.1051,	-9.30664,	0.613085,	25.0315,	-5.45874,	7.16071,	-7.59937,	15.0922,	-15.3131,	-0.451909,	-15.9831,	16.1531,
 	8.84582,	-16.7767,	6.20214,	-22.1982,	-18.3026,	-4.99686,	-4.50552,	-8.74271,	-2.74452,	21.3806,	-7.79538,	8.45038,	3.84055,	-0.615558,	34.4716,	-29.0308,	6.97790,	-0.875149,	-8.35374,	-7.71193,	10.3190,	-9.33344,	11.4119,	-8.84991,	-13.3377,	-30.8929,	12.3129,	2.45119,	-2.63174,	-0.0318925,	6.93465,	3.78075,	7.24117,	-12.9982,	0.717576,	-16.8467,	12.3701,	0.740720,	9.60377,	10.6217,	-1.74141,	2.23550,	5.41547,	17.0586,	-15.1784,	3.57770,	7.79768,	0.573134,	13.2419,	19.7808,	-16.3311,	1.56006,	-5.75017,	-27.7578,	-13.8629,
 	6.14971,	16.7827,	22.9388,	4.69852,	14.3866,	13.9708,	4.94266,	-6.13195,	6.66754,	18.1241,	-2.92415,	-2.25622,	-22.0061,	5.36593,	-1.14924,	-7.69912,	29.0695,	-0.652754,	-0.827179,	-0.769474,	5.28792,	-3.62448,	28.8483,	21.3438,	12.5485,	7.94657,	-41.0053,	-6.71545,	3.29232,	6.99981,	2.89770,	-16.1430,	-12.5336,	6.15048,	-19.3226,	-26.8617,	-5.27721,	6.57001,	11.2937,	9.72693,	-4.08640,	-4.85747,	7.47786,	-31.3071,	-6.44646,	-5.20456,	6.37255,	-2.55437,	7.39173,	5.88177,	5.44383,	-12.2852,	-5.30834,	24.9144,	5.41502,
 	-0.269380,	-11.5063,	-13.5754,	2.98848,	-29.7211,	4.25202,	9.35591,	7.04099,	7.44084,	-34.5976,	-3.96330,	10.6590,	-34.1509,	26.5080,	15.3991,	35.7602,	-13.7196,	-2.32203,	-14.6052,	1.06047,	2.79708,	9.56344,	-38.1993,	-5.64057,	0.581083,	-27.6829,	5.30813,	10.0207,	22.6848,	-3.48554,	-1.87529,	17.5064,	-9.55005,	17.2283,	-8.19197,	7.27295,	-10.6435,	-2.79993,	17.5878,	-16.7589,	3.18439,	-1.69322,	-1.98439,	19.3138,	-4.53225,	-0.572657,	0.738043,	10.9054,	24.6569,	-2.82049,	9.77858,	-13.6710,	4.97154,	4.38365,	-7.34641,
 	-2.33321,	3.43137,	10.9034,	1.48575,	-2.44052,	2.62451,	-9.20165,	-6.79320,	-3.26250,	12.2546,	13.7942,	5.70555,	-19.1064,	34.9310,	16.3505,	-20.6569,	4.70205,	-0.908156,	2.46649,	18.4375,	2.57150,	2.76871,	3.95383,	-6.93179,	23.4656,	8.17843,	-8.47608,	-0.210604,	3.91946,	-4.97121,	9.08017,	13.7558,	11.9504,	4.87044,	8.94642,	2.05553,	-11.8895,	15.8822,	-21.5272,	18.3490,	-1.19756,	4.91009,	-16.7604,	40.9732,	18.0436,	5.55963,	3.71138,	7.56004,	-6.52519,	-22.2196,	2.43080,	9.80198,	5.86781,	-2.75264,	25.3131,
 	-12.5704,	-5.41496,	-11.9584,	-6.34406,	0.295529,	-0.973085,	-7.56053,	-0.576949,	4.31248,	-8.52602,	2.77860,	7.66196,	11.2678,	-8.07017,	-0.799083,	-8.69685,	-1.85338,	-1.80131,	4.31047,	-4.87308,	-9.32924,	7.63547,	-34.1337,	2.78277,	1.36838,	19.8835,	-31.4379,	-14.6386,	-11.5201,	-1.68958,	-2.75650,	-33.5335,	-8.41509,	-3.35308,	5.99858,	-46.6305,	-2.20466,	-4.95714,	-7.34457,	-9.15366,	-7.49297,	2.12785,	-8.98218,	-26.6238,	-43.1745,	1.78838,	-9.51306,	-3.89152,	3.64476,	-4.85428,	-4.62258,	5.92525,	14.9262,	-5.83822,	6.52344,
 	24.6264,	-27.6492,	6.42501,	-3.49933,	-3.04146,	-6.90499,	-20.9495,	9.68839,	2.22401,	26.3931,	4.50447,	4.77855,	-10.8572,	-11.4053,	-1.24792,	4.86898,	8.26041,	7.34636,	4.42963,	9.33164,	4.34317,	4.26726,	-22.7045,	-6.85015,	-8.56348,	8.28239,	4.66763,	9.44491,	-31.6795,	-0.616979,	1.69257,	14.9327,	-9.26054,	9.83943,	1.51285,	-12.3510,	-4.93050,	-8.18632,	26.3730,	2.02123,	8.02022,	-5.61468,	5.29876,	5.00427,	-6.41579,	-6.40828,	6.20159,	-13.9173,	11.0712,	-18.2727,	10.7368,	20.6687,	3.36156,	-7.26038,	-8.54863,
 	-17.1827,	7.28185,	-1.68951,	-1.19984,	-8.42777,	-13.1359,	-14.4471,	-7.47901,	-0.323862,	1.07216,	-10.4351,	-10.9867,	40.8894,	-29.2094,	-11.3948,	4.69589,	25.0197,	5.69138,	11.1407,	3.79278,	-7.46840,	-12.5329,	-11.8736,	-9.64783,	10.6247,	-3.56992,	9.27763,	-37.4093,	-2.87321,	-4.78271,	-4.37723,	1.17607,	19.5010,	4.03240,	-20.6868,	-14.4249,	9.92380,	0.719843,	9.12773,	13.0613,	15.1102,	0.676471,	22.2137,	9.03241,	-3.16991,	1.59516,	10.8862,	16.2620,	27.5336,	3.39263,	-11.4239,	-1.40262,	8.55945,	6.72458,	-9.24694,
 	19.6912,	-0.568360,	7.05387,	-17.5691,	14.5232,	0.640635,	-3.96447,	-12.7928,	4.90128,	-15.4569,	3.10424,	2.18022,	-23.0543,	-5.02553,	22.2676,	33.2731,	23.8369,	3.23002,	-4.77863,	-6.50047,	-8.59296,	-3.51359,	-0.610491,	-11.1022,	-24.5869,	3.23793,	13.1374,	-7.29880,	7.93755,	3.57986,	1.15790,	-12.0821,	30.2561,	2.30946,	-12.1304,	18.8780,	-5.10569,	-5.05186,	3.56793,	9.93273,	10.0257,	1.49010,	-7.63191,	22.9628,	-7.53271,	1.95933,	2.34634,	-0.826550,	8.23480,	-9.75021,	0.353128,	-1.46034,	-2.51063,	-17.4337,	-10.8700,
 	-0.668326,	7.94821,	8.59721,	-0.00617992,	-35.9485,	6.39274,	-13.4183,	5.34868,	2.27181,	8.45013,	3.04003,	-8.94537,	7.11759,	5.77933,	14.9167,	-7.34205,	-32.0373,	5.63711,	12.7491,	4.53626,	-11.9449,	-1.58907,	3.08598,	0.584167,	18.0077,	13.5137,	12.7464,	10.8186,	-16.6396,	7.78902,	7.24375,	-1.27788,	6.96985,	-3.14615,	13.1761,	32.4138,	-0.604073,	12.6950,	-12.5197,	-5.85465,	-4.91675,	-4.79619,	21.3265,	-29.6710,	-18.5776,	-5.27731,	-10.7774,	20.2753,	28.3497,	-25.5283,	5.11815,	11.3648,	1.30054,	8.17116,	-7.94071,
 	15.4366,	32.6035,	-3.61652,	-4.37712,	-41.5214,	6.01833,	-10.4333,	-24.6252,	2.74623,	-1.82444,	-1.27971,	-2.52681,	-3.95156,	26.0638,	-15.1840,	13.9883,	-33.4671,	4.58152,	5.96978,	8.58354,	0.423157,	-13.5358,	14.5844,	-14.7702,	-13.6481,	11.9929,	30.4826,	0.616293,	27.0832,	7.29078,	-5.04466,	-15.0982,	7.95916,	11.0998,	2.15070,	51.5057,	2.05877,	14.9416,	0.0342947,	-0.838410,	1.38149,	3.93301,	-26.9743,	15.1474,	8.07264,	4.86476,	-9.57444,	-5.02768,	-14.3068,	-33.2417,	-3.76140,	13.0593,	-10.7193,	-7.74786,	-5.19946,
 	-19.1310,	-22.5832,	-3.57397,	1.60965,	7.81257,	-11.5207,	0.183963,	-1.75026,	-9.59453,	-36.1447,	-12.3508,	-4.90579,	-4.32175,	25.0225,	26.6091,	5.81636,	20.3898,	2.81233,	-9.21922,	-10.5787,	7.37312,	6.11855,	-35.6348,	-19.8621,	0.969910,	-34.8809,	21.3884,	3.66185,	15.7622,	-5.64286,	0.424213,	-0.296461,	-9.98309,	-4.88926,	-9.56948,	-0.875688,	-12.7162,	-2.19029,	-1.19313,	-4.38809,	-2.74114,	1.06140,	2.42980,	29.5202,	-36.5582,	0.536140,	-17.2510,	5.28053,	-2.22992,	-0.608713,	0.235504,	-14.1328,	6.72849,	-13.1289,	-2.12632,
 	-20.7602,	-12.4603,	-9.45363,	-0.286800,	3.17871,	-52.5967,	10.6251,	12.8625,	0.784801,	-0.822372,	6.07846,	4.61183,	-25.5985,	3.87086,	-5.17012,	-9.49900,	-10.8727,	-4.87532,	0.471663,	-0.926300,	1.03886,	13.7476,	-3.79501,	-5.40897,	-9.72124,	30.7361,	5.73741,	5.28881,	-30.1950,	-9.59705,	-1.32463,	-9.92173,	0.0279412,	4.59233,	-1.55832,	3.93457,	-4.44125,	-11.9664,	15.5786,	13.7624,	-7.29991,	6.96800,	-13.4138,	28.4350,	25.3812,	8.70971,	1.04035,	5.24980,	-18.6296,	-8.53448,	-5.24431,	23.8142,	2.62847,	-11.2330,	5.03024,
 	0.128986,	-0.429273,	-5.87337,	0.436861,	-2.06854,	-8.22597,	-16.8547,	-15.4252,	-1.87897,	-15.0639,	-1.61448,	1.92792,	-3.94419,	12.4203,	4.78688,	19.7163,	1.64187,	-2.34035,	2.27167,	-0.0257659,	0.253107,	5.10730,	-12.8100,	-11.2692,	15.3628,	18.5075,	1.40161,	-5.04477,	-11.3288,	-2.36069,	-4.43829,	-0.291615,	-8.68853,	-5.78971,	7.06574,	11.3099,	-4.59838,	-5.03280,	-7.62238,	-1.27431,	-3.25365,	1.97002,	21.9013,	1.27102,	-4.47616,	1.99163,	-10.0398,	2.69702,	7.09409,	-5.19793,	1.34067,	-3.48922,	10.0010,	2.72017,	2.70144,
 	-0.737842,	-3.36166,	-0.459761,	-3.30559,	14.3645,	10.2649,	-6.35864,	-11.1057,	-6.67467,	-30.5351,	-3.74665,	-9.85685,	-14.8435,	-0.323454,	-14.3357,	10.0678,	7.52493,	0.886523,	8.89482,	12.5805,	2.63792,	-20.7143,	-21.0516,	12.5032,	24.8133,	4.90106,	-16.0289,	29.2427,	-7.15844,	12.3132,	2.91506,	11.7272,	15.2194,	15.6435,	-1.28056,	10.2464,	3.20618,	3.66819,	15.8365,	-11.1521,	8.50875,	4.50240,	-3.63913,	4.69369,	6.54283,	5.03995,	9.11529,	-1.74858,	-7.86962,	8.60805,	-7.10900,	16.9446,	-4.94702,	-17.7765,	-14.4215,
 	-12.6950,	-2.44458,	-12.2030,	-13.6999,	-29.0657,	0.208920,	-1.98211,	3.75851,	2.29893,	-10.1992,	-14.1412,	-6.96954,	14.1936,	-1.19927,	12.3046,	-14.4603,	-9.26412,	-6.57257,	-9.18600,	-5.26659,	-2.26849,	-12.7334,	-5.98179,	-8.06514,	-8.10155,	-13.5046,	16.0224,	4.12650,	29.6326,	-5.55790,	3.71347,	2.78972,	-14.5636,	-4.48730,	-1.59238,	1.01127,	-7.65813,	2.08366,	3.01251,	-7.45564,	-0.324296,	-0.0770115,	-22.8980,	-11.5685,	6.62718,	-1.33298,	-2.36014,	5.23876,	-2.09591,	3.76111,	-6.56887,	-7.98643,	-6.89936,	-25.9776,	2.99961,
 	-8.64920,	10.2656,	7.54006,	33.3286,	6.90430,	6.69111,	2.78340,	8.88760,	-8.88109,	10.5719,	2.30730,	-11.9405,	-0.535462,	-0.354032,	4.14273,	6.87526,	-32.5079,	-0.884216,	2.36448,	-3.08910,	13.7151,	-1.29165,	-30.1759,	-9.78573,	4.70541,	8.96371,	0.693767,	8.59852,	-13.4501,	-5.94878,	5.23528,	17.1799,	6.23828,	-10.4609,	-5.13045,	8.85504,	19.9937,	4.69861,	-22.5700,	-4.60071,	19.0227,	-0.0311776,	-4.06599,	8.06398,	5.42715,	1.30545,	22.7933,	-21.8321,	21.5584,	13.2249,	-2.54976,	1.58196,	1.84966,	23.9802,	-7.22163,
 	-6.12434,	8.11091,	-22.8791,	-1.53564,	4.52888,	7.63377,	-3.41112,	-16.9288,	-8.28922,	4.73447,	-3.18328,	-12.5646,	-6.86329,	13.2253,	0.415086,	-16.8891,	-2.04190,	1.80845,	-0.367570,	2.64068,	6.98116,	-1.56324,	-15.7670,	-15.3195,	8.35425,	7.21096,	-0.689858,	0.687722,	-6.45425,	-15.1238,	0.994572,	-3.99738,	0.139614,	5.33032,	-6.75178,	-1.74261,	-0.456536,	1.18937,	10.5262,	10.1982,	6.61012,	-4.23032,	3.87667,	-3.62188,	-3.09268,	-3.05547,	2.25751,	-4.73238,	8.34052,	3.43323,	-17.3274,	-20.2116,	5.54754,	-11.9890,	3.22699,
 	-7.03389,	4.04963,	-18.0111,	-1.70252,	-2.69145,	-9.57001,	-21.0937,	-9.41653,	6.87079,	-24.5496,	-9.80089,	-2.08837,	12.1108,	-6.11702,	19.1212,	3.98881,	16.0127,	-6.19626,	4.97262,	-0.740037,	0.856427,	-9.86319,	-14.8262,	-11.8011,	2.34840,	9.04439,	18.6313,	-1.81450,	-10.0345,	-3.94510,	-3.43226,	8.71724,	3.91874,	-10.4685,	9.56773,	1.67217,	-14.1736,	0.635271,	-5.12543,	-11.1021,	-4.06358,	3.07549,	30.2722,	17.8520,	-12.5471,	2.64045,	-15.2219,	-7.63095,	6.42438,	-7.17198,	0.801541,	-5.06152,	12.3993,	-11.3435,	5.03227,
 	-1.07448,	-0.0546177,	-0.163333,	0.0890813,	0.137632,	1.17997,	0.505204,	0.807202,	-0.0912627,	-0.175153,	-1.05055,	1.85468,	-2.04532,	-0.801424,	0.623473,	0.165895,	0.375459,	4.46355,	1.57849,	0.469769,	5.55857,	0.598841,	0.404126,	0.0563849,	-0.660376,	-0.0540956,	-0.422461,	1.02815,	1.02528,	-0.761660,	-3.17352,	-0.127067,	-0.744778,	2.30339,	1.26005,	-0.378657,	0.454191,	1.84396,	0.278828,	-0.318050,	0.961174,	-0.878529,	0.166566,	-0.124580,	-0.929795,	-0.850631,	-0.721305,	0.310001,	0.306502,	0.383440,	0.0292066,	-0.837802,	-2.02210,	-0.541784,	-0.448208,
 	-0.945824,	-0.0180296,	-0.0459626,	0.161900,	0.0681872,	1.23296,	0.493762,	0.742704,	0.00511026,	-0.0513422,	-1.02300,	1.84113,	-2.00505,	-0.745029,	0.689005,	0.229330,	0.478775,	4.41820,	1.57627,	0.532674,	5.57022,	0.675927,	0.373479,	0.0547753,	-0.616918,	-0.0494317,	-0.400536,	1.02642,	0.864869,	-0.692332,	-3.11702,	-0.199379,	-0.727831,	2.12619,	1.40811,	-0.454958,	0.498001,	1.77699,	0.253601,	-0.357995,	0.935764,	-0.757975,	0.213475,	-0.154538,	-0.802064,	-0.762385,	-0.763230,	0.307028,	0.464608,	0.488005,	-0.00275121,	-0.840651,	-2.13063,	-0.489245,	-0.478420)
 b.b = VectorD(-4.59118,	-21.8561,	10.3505,	-15.7477,	-54.5808,	-4.53902,	-19.3956,	-32.2390,	-2.96195,	-6.56168,	-12.2433,	-14.6228,	-28.0433,	-20.3845,	-7.71144,	-21.1366,	-36.6522,	-10.9087,	-18.4444,	-5.75216,	-18.5370,	-1.45310,	0.995506,	-29.1636,	-8.91918,	-26.0160,	-48.7284,	-37.0885,	-37.8891,	-24.5136,	-14.0735,	-18.5213,	-21.3517,	-11.5760,	-11.9963,	-40.2620,	5.24984,	-8.69458,	-36.6337,	-9.64061,	-7.43432,	-9.37054,	-1.87870,	-29.7362,	-23.4523,	-10.1434,	4.93388,	-12.5617,	-9.38397,	-15.5226,	-21.1054,	-13.0725,	-7.62549,	-16.1057,	-7.06546), b.w =
MatrixD (19.8510,
 	32.2776,
 	18.6511,
 	-26.8714,
 	-18.7155,
 	-22.4486,
 	-20.6110,
 	-23.0839,
 	11.7862,
 	-29.8073,
 	28.7925,
 	-20.4124,
 	-27.7096,
 	-23.0034,
 	-20.7100,
 	-25.2159,
 	-16.6664,
 	-31.0747,
 	-19.4892,
 	18.1094,
 	-21.4969,
 	-30.2803,
 	-25.8341,
 	-20.1615,
 	17.1723,
 	-19.8114,
 	-18.2191,
 	-41.1463,
 	-22.6023,
 	-17.0494,
 	-22.0326,
 	17.0940,
 	-20.6445,
 	20.4938,
 	18.0411,
 	-19.5861,
 	13.7039,
 	-16.5560,
 	-14.8215,
 	-18.7560,
 	34.4217,
 	14.7749,
 	-24.5504,
 	-20.6068,
 	-20.7317,
 	14.6339,
 	17.1204,
 	18.1997,
 	-26.4390,
 	-18.5081,
 	-26.5446,
 	-15.0879,
 	-11.1182,
 	28.7911,
 	18.5469)
 b.b = VectorD(10.3014))
optimize: bSize = 6, nB = 3289
auto_optimize: eta = 7.1875E-4, result = (1.1358869147487055E8,-2)
optimize: bSize = 6, nB = 3289
auto_optimize: eta = 9.53125E-4, result = (1.1358869147487055E8,-2)
optimize: bSize = 6, nB = 3289
auto_optimize: eta = 0.0011875, result = (1.409839908152649E8,400)
optimize: bSize = 6, nB = 3289
auto_optimize: eta = 0.001421875, result = (1.4454693235443115E8,400)
optimize: bSize = 6, nB = 3289
auto_optimize: eta = 0.00165625, result = (1.1358869147487055E8,35)
optimize: bSize = 6, nB = 3289
auto_optimize: eta = 0.001890625, result = (1.1358869147487055E8,-2)
optimize: bSize = 6, nB = 3289
auto_optimize: eta = 0.002125, result = (1.1358869147487055E8,-2)
optimize: bSize = 6, nB = 3289
auto_optimize: eta = 0.0023593750000000004, result = (1.1358869147487055E8,228)
optimize: bSize = 6, nB = 3289
auto_optimize: eta = 0.0025937499999999997, result = (1.1358869147487055E8,-2)
optimize: bSize = 6, nB = 3289
auto_optimize: eta = 0.002828125, result = (1.6067506083595145E8,400)
optimize: bSize = 6, nB = 3289
auto_optimize: eta = 0.0030625, result = (1.1358869147487055E8,272)
optimize: bSize = 6, nB = 3289
auto_optimize: eta = 0.0032968750000000003, result = (1.1358869147487055E8,-2)
optimize: bSize = 6, nB = 3289
auto_optimize: eta = 0.0035312499999999997, result = (1.1358869147487055E8,111)
optimize: bSize = 6, nB = 3289
auto_optimize: eta = 0.003765625, result = (1.1358869147487055E8,-2)
optimize: bSize = 6, nB = 3289
auto_optimize: eta = 0.004, result = (1.1358869147487055E8,-2)
auto_optimize end: b = Array(b.w =
MatrixD (8.89400,	-2.29378,	9.76108,	-2.07746,	-34.5960,	11.3454,	7.24069,	15.9611,	5.56036,	7.02334,	6.91022,	7.18559,	5.42146,	-32.9948,	0.748559,	-9.19378,	0.223690,	18.2973,	10.1108,	32.4159,	16.6659,	10.2072,	0.839134,	-6.71378,	15.2646,	-1.78773,	7.76727,	20.4182,	0.925131,	11.4066,	11.6694,	4.24257,	1.83690,	31.1899,	7.81694,	-4.04753,	21.4465,	7.51755,	3.52608,	5.29239,	22.2926,	11.4788,	-2.67485,	-23.7703,	-2.09570,	13.7138,	24.1631,	13.6742,	1.99639,	17.6799,	4.73136,	5.29526,	5.34942,	2.46676,	17.9550,
 	2.65725,	-6.96198,	19.7689,	13.1067,	-18.5132,	-13.5124,	3.56573,	8.11515,	3.49294,	11.7597,	-1.89512,	-5.00487,	-5.11363,	33.6849,	13.3503,	1.75581,	-10.9899,	-0.466778,	-2.41619,	-0.0835278,	-1.08437,	2.25941,	-20.7892,	-12.2893,	-20.2328,	21.5350,	34.4574,	-3.32844,	30.5467,	6.12946,	0.871091,	-11.0542,	0.960949,	-7.05668,	-10.3324,	11.4064,	5.57968,	2.70337,	-2.60165,	-7.40216,	-4.77625,	-13.2908,	20.2800,	7.70397,	29.4024,	-12.3251,	-3.91591,	18.9641,	5.05789,	-20.0603,	6.26328,	-6.32207,	-1.90913,	0.621075,	-13.6491,
 	1.16449,	25.8099,	3.41891,	33.7799,	-11.3953,	28.0177,	8.47371,	5.57962,	11.2938,	27.4290,	13.4556,	-0.619975,	-35.6309,	-33.0702,	-27.4814,	1.06864,	8.05297,	-3.37291,	-12.7909,	2.36375,	7.55319,	1.67628,	-15.0017,	21.7992,	17.2863,	-23.4676,	-16.4145,	10.8776,	-61.1096,	-9.14993,	-4.34278,	11.2729,	-1.79774,	5.03224,	23.5033,	-23.9644,	-0.626073,	-1.23918,	-2.03123,	5.24323,	6.53199,	6.26145,	-8.08737,	-89.4329,	8.32429,	7.72221,	11.6098,	8.89931,	-36.3822,	10.6039,	12.2232,	13.4355,	-11.9535,	25.5926,	6.60964,
 	11.1729,	25.4411,	28.4888,	7.29707,	56.1959,	2.73800,	16.8084,	12.8143,	22.3910,	4.94666,	11.7385,	9.02697,	-24.8196,	10.0952,	17.6624,	12.9863,	7.62287,	4.40540,	-0.755969,	7.99214,	7.28497,	21.1366,	15.9241,	46.7016,	-11.1184,	-5.72114,	-42.2788,	16.5217,	11.2214,	4.37822,	13.0651,	8.36065,	-2.01404,	14.0000,	1.62990,	-21.9392,	5.45598,	1.70360,	1.92134,	-1.81957,	11.0309,	-4.76699,	7.31303,	7.17521,	-0.382485,	-3.67464,	15.8028,	9.97738,	22.7622,	12.6990,	24.9180,	-1.62606,	7.07496,	-5.57845,	7.33050,
 	6.44409,	-17.4586,	-10.3870,	14.3831,	16.3786,	41.5346,	10.0795,	11.9099,	-14.7713,	17.2473,	-6.27634,	-1.18185,	-3.94972,	70.7934,	26.1006,	10.2314,	23.7832,	-2.58359,	-6.16414,	-13.7091,	4.42531,	-0.942814,	13.9071,	14.8748,	-2.12126,	-6.69162,	29.5147,	13.4499,	21.5490,	1.42804,	-6.15565,	-5.80295,	-2.08157,	-15.4716,	-8.88844,	-20.5020,	-13.9976,	-5.68067,	13.6712,	1.40807,	-21.7336,	-5.16884,	4.12175,	27.9079,	12.4365,	-5.79514,	-16.4345,	-5.84349,	1.33836,	1.71175,	9.72100,	-7.95098,	-3.42942,	-2.81715,	-9.27885,
 	-4.06898,	9.87831,	-12.0293,	-12.9541,	4.40913,	23.1908,	6.95769,	-3.70529,	0.950898,	-7.67488,	0.998438,	-5.54349,	-21.3585,	-62.8850,	-59.0594,	-24.9142,	-18.9265,	1.99797,	5.74635,	-1.35252,	5.02517,	-17.2996,	-35.7264,	15.2078,	-26.8045,	-15.9867,	-10.9081,	34.1542,	-0.220412,	13.8353,	-3.75813,	6.73789,	-17.3219,	8.94110,	10.3521,	18.4072,	2.68668,	-5.24599,	18.2679,	20.4525,	-14.8626,	-3.36717,	14.1774,	-53.4895,	17.0897,	-2.07182,	-7.11619,	2.82740,	3.27221,	9.25262,	4.37930,	-17.9966,	-5.24157,	10.4432,	-2.68203,
 	8.46329,	-26.2798,	11.4234,	0.201911,	-13.0406,	0.791731,	3.07492,	-3.58928,	-0.930676,	0.503994,	5.90386,	1.10333,	0.0456610,	-54.5390,	-55.7874,	42.0942,	-5.45486,	1.19175,	8.38851,	14.0418,	5.82634,	11.5651,	16.4564,	-9.04388,	21.0960,	14.9253,	17.2920,	8.47714,	-23.9372,	7.01725,	3.28083,	-5.70851,	-2.74943,	16.0413,	23.1951,	5.46459,	-4.40048,	-11.0277,	-2.73770,	-12.6541,	-14.4863,	-1.83558,	-21.1108,	-17.1051,	-9.30664,	0.613085,	25.0315,	-5.45874,	7.16071,	-7.59937,	15.0922,	-15.3131,	-0.451909,	-15.9831,	16.1531,
 	8.84582,	-16.7767,	6.20214,	-22.1982,	-18.3026,	-4.99686,	-4.50552,	-8.74271,	-2.74452,	21.3806,	-7.79538,	8.45038,	3.84055,	-0.615558,	34.4716,	-29.0308,	6.97790,	-0.875149,	-8.35374,	-7.71193,	10.3190,	-9.33344,	11.4119,	-8.84991,	-13.3377,	-30.8929,	12.3129,	2.45119,	-2.63174,	-0.0318925,	6.93465,	3.78075,	7.24117,	-12.9982,	0.717576,	-16.8467,	12.3701,	0.740720,	9.60377,	10.6217,	-1.74141,	2.23550,	5.41547,	17.0586,	-15.1784,	3.57770,	7.79768,	0.573134,	13.2419,	19.7808,	-16.3311,	1.56006,	-5.75017,	-27.7578,	-13.8629,
 	6.14971,	16.7827,	22.9388,	4.69852,	14.3866,	13.9708,	4.94266,	-6.13195,	6.66754,	18.1241,	-2.92415,	-2.25622,	-22.0061,	5.36593,	-1.14924,	-7.69912,	29.0695,	-0.652754,	-0.827179,	-0.769474,	5.28792,	-3.62448,	28.8483,	21.3438,	12.5485,	7.94657,	-41.0053,	-6.71545,	3.29232,	6.99981,	2.89770,	-16.1430,	-12.5336,	6.15048,	-19.3226,	-26.8617,	-5.27721,	6.57001,	11.2937,	9.72693,	-4.08640,	-4.85747,	7.47786,	-31.3071,	-6.44646,	-5.20456,	6.37255,	-2.55437,	7.39173,	5.88177,	5.44383,	-12.2852,	-5.30834,	24.9144,	5.41502,
 	-0.269380,	-11.5063,	-13.5754,	2.98848,	-29.7211,	4.25202,	9.35591,	7.04099,	7.44084,	-34.5976,	-3.96330,	10.6590,	-34.1509,	26.5080,	15.3991,	35.7602,	-13.7196,	-2.32203,	-14.6052,	1.06047,	2.79708,	9.56344,	-38.1993,	-5.64057,	0.581083,	-27.6829,	5.30813,	10.0207,	22.6848,	-3.48554,	-1.87529,	17.5064,	-9.55005,	17.2283,	-8.19197,	7.27295,	-10.6435,	-2.79993,	17.5878,	-16.7589,	3.18439,	-1.69322,	-1.98439,	19.3138,	-4.53225,	-0.572657,	0.738043,	10.9054,	24.6569,	-2.82049,	9.77858,	-13.6710,	4.97154,	4.38365,	-7.34641,
 	-2.33321,	3.43137,	10.9034,	1.48575,	-2.44052,	2.62451,	-9.20165,	-6.79320,	-3.26250,	12.2546,	13.7942,	5.70555,	-19.1064,	34.9310,	16.3505,	-20.6569,	4.70205,	-0.908156,	2.46649,	18.4375,	2.57150,	2.76871,	3.95383,	-6.93179,	23.4656,	8.17843,	-8.47608,	-0.210604,	3.91946,	-4.97121,	9.08017,	13.7558,	11.9504,	4.87044,	8.94642,	2.05553,	-11.8895,	15.8822,	-21.5272,	18.3490,	-1.19756,	4.91009,	-16.7604,	40.9732,	18.0436,	5.55963,	3.71138,	7.56004,	-6.52519,	-22.2196,	2.43080,	9.80198,	5.86781,	-2.75264,	25.3131,
 	-12.5704,	-5.41496,	-11.9584,	-6.34406,	0.295529,	-0.973085,	-7.56053,	-0.576949,	4.31248,	-8.52602,	2.77860,	7.66196,	11.2678,	-8.07017,	-0.799083,	-8.69685,	-1.85338,	-1.80131,	4.31047,	-4.87308,	-9.32924,	7.63547,	-34.1337,	2.78277,	1.36838,	19.8835,	-31.4379,	-14.6386,	-11.5201,	-1.68958,	-2.75650,	-33.5335,	-8.41509,	-3.35308,	5.99858,	-46.6305,	-2.20466,	-4.95714,	-7.34457,	-9.15366,	-7.49297,	2.12785,	-8.98218,	-26.6238,	-43.1745,	1.78838,	-9.51306,	-3.89152,	3.64476,	-4.85428,	-4.62258,	5.92525,	14.9262,	-5.83822,	6.52344,
 	24.6264,	-27.6492,	6.42501,	-3.49933,	-3.04146,	-6.90499,	-20.9495,	9.68839,	2.22401,	26.3931,	4.50447,	4.77855,	-10.8572,	-11.4053,	-1.24792,	4.86898,	8.26041,	7.34636,	4.42963,	9.33164,	4.34317,	4.26726,	-22.7045,	-6.85015,	-8.56348,	8.28239,	4.66763,	9.44491,	-31.6795,	-0.616979,	1.69257,	14.9327,	-9.26054,	9.83943,	1.51285,	-12.3510,	-4.93050,	-8.18632,	26.3730,	2.02123,	8.02022,	-5.61468,	5.29876,	5.00427,	-6.41579,	-6.40828,	6.20159,	-13.9173,	11.0712,	-18.2727,	10.7368,	20.6687,	3.36156,	-7.26038,	-8.54863,
 	-17.1827,	7.28185,	-1.68951,	-1.19984,	-8.42777,	-13.1359,	-14.4471,	-7.47901,	-0.323862,	1.07216,	-10.4351,	-10.9867,	40.8894,	-29.2094,	-11.3948,	4.69589,	25.0197,	5.69138,	11.1407,	3.79278,	-7.46840,	-12.5329,	-11.8736,	-9.64783,	10.6247,	-3.56992,	9.27763,	-37.4093,	-2.87321,	-4.78271,	-4.37723,	1.17607,	19.5010,	4.03240,	-20.6868,	-14.4249,	9.92380,	0.719843,	9.12773,	13.0613,	15.1102,	0.676471,	22.2137,	9.03241,	-3.16991,	1.59516,	10.8862,	16.2620,	27.5336,	3.39263,	-11.4239,	-1.40262,	8.55945,	6.72458,	-9.24694,
 	19.6912,	-0.568360,	7.05387,	-17.5691,	14.5232,	0.640635,	-3.96447,	-12.7928,	4.90128,	-15.4569,	3.10424,	2.18022,	-23.0543,	-5.02553,	22.2676,	33.2731,	23.8369,	3.23002,	-4.77863,	-6.50047,	-8.59296,	-3.51359,	-0.610491,	-11.1022,	-24.5869,	3.23793,	13.1374,	-7.29880,	7.93755,	3.57986,	1.15790,	-12.0821,	30.2561,	2.30946,	-12.1304,	18.8780,	-5.10569,	-5.05186,	3.56793,	9.93273,	10.0257,	1.49010,	-7.63191,	22.9628,	-7.53271,	1.95933,	2.34634,	-0.826550,	8.23480,	-9.75021,	0.353128,	-1.46034,	-2.51063,	-17.4337,	-10.8700,
 	-0.668326,	7.94821,	8.59721,	-0.00617992,	-35.9485,	6.39274,	-13.4183,	5.34868,	2.27181,	8.45013,	3.04003,	-8.94537,	7.11759,	5.77933,	14.9167,	-7.34205,	-32.0373,	5.63711,	12.7491,	4.53626,	-11.9449,	-1.58907,	3.08598,	0.584167,	18.0077,	13.5137,	12.7464,	10.8186,	-16.6396,	7.78902,	7.24375,	-1.27788,	6.96985,	-3.14615,	13.1761,	32.4138,	-0.604073,	12.6950,	-12.5197,	-5.85465,	-4.91675,	-4.79619,	21.3265,	-29.6710,	-18.5776,	-5.27731,	-10.7774,	20.2753,	28.3497,	-25.5283,	5.11815,	11.3648,	1.30054,	8.17116,	-7.94071,
 	15.4366,	32.6035,	-3.61652,	-4.37712,	-41.5214,	6.01833,	-10.4333,	-24.6252,	2.74623,	-1.82444,	-1.27971,	-2.52681,	-3.95156,	26.0638,	-15.1840,	13.9883,	-33.4671,	4.58152,	5.96978,	8.58354,	0.423157,	-13.5358,	14.5844,	-14.7702,	-13.6481,	11.9929,	30.4826,	0.616293,	27.0832,	7.29078,	-5.04466,	-15.0982,	7.95916,	11.0998,	2.15070,	51.5057,	2.05877,	14.9416,	0.0342947,	-0.838410,	1.38149,	3.93301,	-26.9743,	15.1474,	8.07264,	4.86476,	-9.57444,	-5.02768,	-14.3068,	-33.2417,	-3.76140,	13.0593,	-10.7193,	-7.74786,	-5.19946,
 	-19.1310,	-22.5832,	-3.57397,	1.60965,	7.81257,	-11.5207,	0.183963,	-1.75026,	-9.59453,	-36.1447,	-12.3508,	-4.90579,	-4.32175,	25.0225,	26.6091,	5.81636,	20.3898,	2.81233,	-9.21922,	-10.5787,	7.37312,	6.11855,	-35.6348,	-19.8621,	0.969910,	-34.8809,	21.3884,	3.66185,	15.7622,	-5.64286,	0.424213,	-0.296461,	-9.98309,	-4.88926,	-9.56948,	-0.875688,	-12.7162,	-2.19029,	-1.19313,	-4.38809,	-2.74114,	1.06140,	2.42980,	29.5202,	-36.5582,	0.536140,	-17.2510,	5.28053,	-2.22992,	-0.608713,	0.235504,	-14.1328,	6.72849,	-13.1289,	-2.12632,
 	-20.7602,	-12.4603,	-9.45363,	-0.286800,	3.17871,	-52.5967,	10.6251,	12.8625,	0.784801,	-0.822372,	6.07846,	4.61183,	-25.5985,	3.87086,	-5.17012,	-9.49900,	-10.8727,	-4.87532,	0.471663,	-0.926300,	1.03886,	13.7476,	-3.79501,	-5.40897,	-9.72124,	30.7361,	5.73741,	5.28881,	-30.1950,	-9.59705,	-1.32463,	-9.92173,	0.0279412,	4.59233,	-1.55832,	3.93457,	-4.44125,	-11.9664,	15.5786,	13.7624,	-7.29991,	6.96800,	-13.4138,	28.4350,	25.3812,	8.70971,	1.04035,	5.24980,	-18.6296,	-8.53448,	-5.24431,	23.8142,	2.62847,	-11.2330,	5.03024,
 	0.128986,	-0.429273,	-5.87337,	0.436861,	-2.06854,	-8.22597,	-16.8547,	-15.4252,	-1.87897,	-15.0639,	-1.61448,	1.92792,	-3.94419,	12.4203,	4.78688,	19.7163,	1.64187,	-2.34035,	2.27167,	-0.0257659,	0.253107,	5.10730,	-12.8100,	-11.2692,	15.3628,	18.5075,	1.40161,	-5.04477,	-11.3288,	-2.36069,	-4.43829,	-0.291615,	-8.68853,	-5.78971,	7.06574,	11.3099,	-4.59838,	-5.03280,	-7.62238,	-1.27431,	-3.25365,	1.97002,	21.9013,	1.27102,	-4.47616,	1.99163,	-10.0398,	2.69702,	7.09409,	-5.19793,	1.34067,	-3.48922,	10.0010,	2.72017,	2.70144,
 	-0.737842,	-3.36166,	-0.459761,	-3.30559,	14.3645,	10.2649,	-6.35864,	-11.1057,	-6.67467,	-30.5351,	-3.74665,	-9.85685,	-14.8435,	-0.323454,	-14.3357,	10.0678,	7.52493,	0.886523,	8.89482,	12.5805,	2.63792,	-20.7143,	-21.0516,	12.5032,	24.8133,	4.90106,	-16.0289,	29.2427,	-7.15844,	12.3132,	2.91506,	11.7272,	15.2194,	15.6435,	-1.28056,	10.2464,	3.20618,	3.66819,	15.8365,	-11.1521,	8.50875,	4.50240,	-3.63913,	4.69369,	6.54283,	5.03995,	9.11529,	-1.74858,	-7.86962,	8.60805,	-7.10900,	16.9446,	-4.94702,	-17.7765,	-14.4215,
 	-12.6950,	-2.44458,	-12.2030,	-13.6999,	-29.0657,	0.208920,	-1.98211,	3.75851,	2.29893,	-10.1992,	-14.1412,	-6.96954,	14.1936,	-1.19927,	12.3046,	-14.4603,	-9.26412,	-6.57257,	-9.18600,	-5.26659,	-2.26849,	-12.7334,	-5.98179,	-8.06514,	-8.10155,	-13.5046,	16.0224,	4.12650,	29.6326,	-5.55790,	3.71347,	2.78972,	-14.5636,	-4.48730,	-1.59238,	1.01127,	-7.65813,	2.08366,	3.01251,	-7.45564,	-0.324296,	-0.0770115,	-22.8980,	-11.5685,	6.62718,	-1.33298,	-2.36014,	5.23876,	-2.09591,	3.76111,	-6.56887,	-7.98643,	-6.89936,	-25.9776,	2.99961,
 	-8.64920,	10.2656,	7.54006,	33.3286,	6.90430,	6.69111,	2.78340,	8.88760,	-8.88109,	10.5719,	2.30730,	-11.9405,	-0.535462,	-0.354032,	4.14273,	6.87526,	-32.5079,	-0.884216,	2.36448,	-3.08910,	13.7151,	-1.29165,	-30.1759,	-9.78573,	4.70541,	8.96371,	0.693767,	8.59852,	-13.4501,	-5.94878,	5.23528,	17.1799,	6.23828,	-10.4609,	-5.13045,	8.85504,	19.9937,	4.69861,	-22.5700,	-4.60071,	19.0227,	-0.0311776,	-4.06599,	8.06398,	5.42715,	1.30545,	22.7933,	-21.8321,	21.5584,	13.2249,	-2.54976,	1.58196,	1.84966,	23.9802,	-7.22163,
 	-6.12434,	8.11091,	-22.8791,	-1.53564,	4.52888,	7.63377,	-3.41112,	-16.9288,	-8.28922,	4.73447,	-3.18328,	-12.5646,	-6.86329,	13.2253,	0.415086,	-16.8891,	-2.04190,	1.80845,	-0.367570,	2.64068,	6.98116,	-1.56324,	-15.7670,	-15.3195,	8.35425,	7.21096,	-0.689858,	0.687722,	-6.45425,	-15.1238,	0.994572,	-3.99738,	0.139614,	5.33032,	-6.75178,	-1.74261,	-0.456536,	1.18937,	10.5262,	10.1982,	6.61012,	-4.23032,	3.87667,	-3.62188,	-3.09268,	-3.05547,	2.25751,	-4.73238,	8.34052,	3.43323,	-17.3274,	-20.2116,	5.54754,	-11.9890,	3.22699,
 	-7.03389,	4.04963,	-18.0111,	-1.70252,	-2.69145,	-9.57001,	-21.0937,	-9.41653,	6.87079,	-24.5496,	-9.80089,	-2.08837,	12.1108,	-6.11702,	19.1212,	3.98881,	16.0127,	-6.19626,	4.97262,	-0.740037,	0.856427,	-9.86319,	-14.8262,	-11.8011,	2.34840,	9.04439,	18.6313,	-1.81450,	-10.0345,	-3.94510,	-3.43226,	8.71724,	3.91874,	-10.4685,	9.56773,	1.67217,	-14.1736,	0.635271,	-5.12543,	-11.1021,	-4.06358,	3.07549,	30.2722,	17.8520,	-12.5471,	2.64045,	-15.2219,	-7.63095,	6.42438,	-7.17198,	0.801541,	-5.06152,	12.3993,	-11.3435,	5.03227,
 	-1.07448,	-0.0546177,	-0.163333,	0.0890813,	0.137632,	1.17997,	0.505204,	0.807202,	-0.0912627,	-0.175153,	-1.05055,	1.85468,	-2.04532,	-0.801424,	0.623473,	0.165895,	0.375459,	4.46355,	1.57849,	0.469769,	5.55857,	0.598841,	0.404126,	0.0563849,	-0.660376,	-0.0540956,	-0.422461,	1.02815,	1.02528,	-0.761660,	-3.17352,	-0.127067,	-0.744778,	2.30339,	1.26005,	-0.378657,	0.454191,	1.84396,	0.278828,	-0.318050,	0.961174,	-0.878529,	0.166566,	-0.124580,	-0.929795,	-0.850631,	-0.721305,	0.310001,	0.306502,	0.383440,	0.0292066,	-0.837802,	-2.02210,	-0.541784,	-0.448208,
 	-0.945824,	-0.0180296,	-0.0459626,	0.161900,	0.0681872,	1.23296,	0.493762,	0.742704,	0.00511026,	-0.0513422,	-1.02300,	1.84113,	-2.00505,	-0.745029,	0.689005,	0.229330,	0.478775,	4.41820,	1.57627,	0.532674,	5.57022,	0.675927,	0.373479,	0.0547753,	-0.616918,	-0.0494317,	-0.400536,	1.02642,	0.864869,	-0.692332,	-3.11702,	-0.199379,	-0.727831,	2.12619,	1.40811,	-0.454958,	0.498001,	1.77699,	0.253601,	-0.357995,	0.935764,	-0.757975,	0.213475,	-0.154538,	-0.802064,	-0.762385,	-0.763230,	0.307028,	0.464608,	0.488005,	-0.00275121,	-0.840651,	-2.13063,	-0.489245,	-0.478420)
 b.b = VectorD(-4.59118,	-21.8561,	10.3505,	-15.7477,	-54.5808,	-4.53902,	-19.3956,	-32.2390,	-2.96195,	-6.56168,	-12.2433,	-14.6228,	-28.0433,	-20.3845,	-7.71144,	-21.1366,	-36.6522,	-10.9087,	-18.4444,	-5.75216,	-18.5370,	-1.45310,	0.995506,	-29.1636,	-8.91918,	-26.0160,	-48.7284,	-37.0885,	-37.8891,	-24.5136,	-14.0735,	-18.5213,	-21.3517,	-11.5760,	-11.9963,	-40.2620,	5.24984,	-8.69458,	-36.6337,	-9.64061,	-7.43432,	-9.37054,	-1.87870,	-29.7362,	-23.4523,	-10.1434,	4.93388,	-12.5617,	-9.38397,	-15.5226,	-21.1054,	-13.0725,	-7.62549,	-16.1057,	-7.06546), b.w =
MatrixD (19.8510,
 	32.2776,
 	18.6511,
 	-26.8714,
 	-18.7155,
 	-22.4486,
 	-20.6110,
 	-23.0839,
 	11.7862,
 	-29.8073,
 	28.7925,
 	-20.4124,
 	-27.7096,
 	-23.0034,
 	-20.7100,
 	-25.2159,
 	-16.6664,
 	-31.0747,
 	-19.4892,
 	18.1094,
 	-21.4969,
 	-30.2803,
 	-25.8341,
 	-20.1615,
 	17.1723,
 	-19.8114,
 	-18.2191,
 	-41.1463,
 	-22.6023,
 	-17.0494,
 	-22.0326,
 	17.0940,
 	-20.6445,
 	20.4938,
 	18.0411,
 	-19.5861,
 	13.7039,
 	-16.5560,
 	-14.8215,
 	-18.7560,
 	34.4217,
 	14.7749,
 	-24.5504,
 	-20.6068,
 	-20.7317,
 	14.6339,
 	17.1204,
 	18.1997,
 	-26.4390,
 	-18.5081,
 	-26.5446,
 	-15.0879,
 	-11.1182,
 	28.7911,
 	18.5469)
 b.b = VectorD(10.3014))
ending epoch = (1.1358869147487055E8,301)

REPORT
    ----------------------------------------------------------------------------
    modelName  mn  = NeuralNet_XL_Array(tanh, id)
    ----------------------------------------------------------------------------
    hparameter hp  = HyperParameter(eta -> (0.001,0.1), bSize -> (6.0,20), maxEpochs -> (400,400), lambda -> (0.01,0.01), upLimit -> (4,4), beta -> (0.9,0.9), beta2 -> (0.999,0.999), nu -> (0.9,0.9))
    ----------------------------------------------------------------------------
    features   fn  = Array(x0, x1, x2, x3, x4, x5, x6, x7, x8, x9, x10, x11, x12, x13, x14, x15, x16, x17, x18, x19, x20, x21, x22, x23, x24, x25, x26)
    ----------------------------------------------------------------------------
    parameter  bb  = Array(b.w =
MatrixD (8.89400,	-2.29378,	9.76108,	-2.07746,	-34.5960,	11.3454,	7.24069,	15.9611,	5.56036,	7.02334,	6.91022,	7.18559,	5.42146,	-32.9948,	0.748559,	-9.19378,	0.223690,	18.2973,	10.1108,	32.4159,	16.6659,	10.2072,	0.839134,	-6.71378,	15.2646,	-1.78773,	7.76727,	20.4182,	0.925131,	11.4066,	11.6694,	4.24257,	1.83690,	31.1899,	7.81694,	-4.04753,	21.4465,	7.51755,	3.52608,	5.29239,	22.2926,	11.4788,	-2.67485,	-23.7703,	-2.09570,	13.7138,	24.1631,	13.6742,	1.99639,	17.6799,	4.73136,	5.29526,	5.34942,	2.46676,	17.9550,
 	2.65725,	-6.96198,	19.7689,	13.1067,	-18.5132,	-13.5124,	3.56573,	8.11515,	3.49294,	11.7597,	-1.89512,	-5.00487,	-5.11363,	33.6849,	13.3503,	1.75581,	-10.9899,	-0.466778,	-2.41619,	-0.0835278,	-1.08437,	2.25941,	-20.7892,	-12.2893,	-20.2328,	21.5350,	34.4574,	-3.32844,	30.5467,	6.12946,	0.871091,	-11.0542,	0.960949,	-7.05668,	-10.3324,	11.4064,	5.57968,	2.70337,	-2.60165,	-7.40216,	-4.77625,	-13.2908,	20.2800,	7.70397,	29.4024,	-12.3251,	-3.91591,	18.9641,	5.05789,	-20.0603,	6.26328,	-6.32207,	-1.90913,	0.621075,	-13.6491,
 	1.16449,	25.8099,	3.41891,	33.7799,	-11.3953,	28.0177,	8.47371,	5.57962,	11.2938,	27.4290,	13.4556,	-0.619975,	-35.6309,	-33.0702,	-27.4814,	1.06864,	8.05297,	-3.37291,	-12.7909,	2.36375,	7.55319,	1.67628,	-15.0017,	21.7992,	17.2863,	-23.4676,	-16.4145,	10.8776,	-61.1096,	-9.14993,	-4.34278,	11.2729,	-1.79774,	5.03224,	23.5033,	-23.9644,	-0.626073,	-1.23918,	-2.03123,	5.24323,	6.53199,	6.26145,	-8.08737,	-89.4329,	8.32429,	7.72221,	11.6098,	8.89931,	-36.3822,	10.6039,	12.2232,	13.4355,	-11.9535,	25.5926,	6.60964,
 	11.1729,	25.4411,	28.4888,	7.29707,	56.1959,	2.73800,	16.8084,	12.8143,	22.3910,	4.94666,	11.7385,	9.02697,	-24.8196,	10.0952,	17.6624,	12.9863,	7.62287,	4.40540,	-0.755969,	7.99214,	7.28497,	21.1366,	15.9241,	46.7016,	-11.1184,	-5.72114,	-42.2788,	16.5217,	11.2214,	4.37822,	13.0651,	8.36065,	-2.01404,	14.0000,	1.62990,	-21.9392,	5.45598,	1.70360,	1.92134,	-1.81957,	11.0309,	-4.76699,	7.31303,	7.17521,	-0.382485,	-3.67464,	15.8028,	9.97738,	22.7622,	12.6990,	24.9180,	-1.62606,	7.07496,	-5.57845,	7.33050,
 	6.44409,	-17.4586,	-10.3870,	14.3831,	16.3786,	41.5346,	10.0795,	11.9099,	-14.7713,	17.2473,	-6.27634,	-1.18185,	-3.94972,	70.7934,	26.1006,	10.2314,	23.7832,	-2.58359,	-6.16414,	-13.7091,	4.42531,	-0.942814,	13.9071,	14.8748,	-2.12126,	-6.69162,	29.5147,	13.4499,	21.5490,	1.42804,	-6.15565,	-5.80295,	-2.08157,	-15.4716,	-8.88844,	-20.5020,	-13.9976,	-5.68067,	13.6712,	1.40807,	-21.7336,	-5.16884,	4.12175,	27.9079,	12.4365,	-5.79514,	-16.4345,	-5.84349,	1.33836,	1.71175,	9.72100,	-7.95098,	-3.42942,	-2.81715,	-9.27885,
 	-4.06898,	9.87831,	-12.0293,	-12.9541,	4.40913,	23.1908,	6.95769,	-3.70529,	0.950898,	-7.67488,	0.998438,	-5.54349,	-21.3585,	-62.8850,	-59.0594,	-24.9142,	-18.9265,	1.99797,	5.74635,	-1.35252,	5.02517,	-17.2996,	-35.7264,	15.2078,	-26.8045,	-15.9867,	-10.9081,	34.1542,	-0.220412,	13.8353,	-3.75813,	6.73789,	-17.3219,	8.94110,	10.3521,	18.4072,	2.68668,	-5.24599,	18.2679,	20.4525,	-14.8626,	-3.36717,	14.1774,	-53.4895,	17.0897,	-2.07182,	-7.11619,	2.82740,	3.27221,	9.25262,	4.37930,	-17.9966,	-5.24157,	10.4432,	-2.68203,
 	8.46329,	-26.2798,	11.4234,	0.201911,	-13.0406,	0.791731,	3.07492,	-3.58928,	-0.930676,	0.503994,	5.90386,	1.10333,	0.0456610,	-54.5390,	-55.7874,	42.0942,	-5.45486,	1.19175,	8.38851,	14.0418,	5.82634,	11.5651,	16.4564,	-9.04388,	21.0960,	14.9253,	17.2920,	8.47714,	-23.9372,	7.01725,	3.28083,	-5.70851,	-2.74943,	16.0413,	23.1951,	5.46459,	-4.40048,	-11.0277,	-2.73770,	-12.6541,	-14.4863,	-1.83558,	-21.1108,	-17.1051,	-9.30664,	0.613085,	25.0315,	-5.45874,	7.16071,	-7.59937,	15.0922,	-15.3131,	-0.451909,	-15.9831,	16.1531,
 	8.84582,	-16.7767,	6.20214,	-22.1982,	-18.3026,	-4.99686,	-4.50552,	-8.74271,	-2.74452,	21.3806,	-7.79538,	8.45038,	3.84055,	-0.615558,	34.4716,	-29.0308,	6.97790,	-0.875149,	-8.35374,	-7.71193,	10.3190,	-9.33344,	11.4119,	-8.84991,	-13.3377,	-30.8929,	12.3129,	2.45119,	-2.63174,	-0.0318925,	6.93465,	3.78075,	7.24117,	-12.9982,	0.717576,	-16.8467,	12.3701,	0.740720,	9.60377,	10.6217,	-1.74141,	2.23550,	5.41547,	17.0586,	-15.1784,	3.57770,	7.79768,	0.573134,	13.2419,	19.7808,	-16.3311,	1.56006,	-5.75017,	-27.7578,	-13.8629,
 	6.14971,	16.7827,	22.9388,	4.69852,	14.3866,	13.9708,	4.94266,	-6.13195,	6.66754,	18.1241,	-2.92415,	-2.25622,	-22.0061,	5.36593,	-1.14924,	-7.69912,	29.0695,	-0.652754,	-0.827179,	-0.769474,	5.28792,	-3.62448,	28.8483,	21.3438,	12.5485,	7.94657,	-41.0053,	-6.71545,	3.29232,	6.99981,	2.89770,	-16.1430,	-12.5336,	6.15048,	-19.3226,	-26.8617,	-5.27721,	6.57001,	11.2937,	9.72693,	-4.08640,	-4.85747,	7.47786,	-31.3071,	-6.44646,	-5.20456,	6.37255,	-2.55437,	7.39173,	5.88177,	5.44383,	-12.2852,	-5.30834,	24.9144,	5.41502,
 	-0.269380,	-11.5063,	-13.5754,	2.98848,	-29.7211,	4.25202,	9.35591,	7.04099,	7.44084,	-34.5976,	-3.96330,	10.6590,	-34.1509,	26.5080,	15.3991,	35.7602,	-13.7196,	-2.32203,	-14.6052,	1.06047,	2.79708,	9.56344,	-38.1993,	-5.64057,	0.581083,	-27.6829,	5.30813,	10.0207,	22.6848,	-3.48554,	-1.87529,	17.5064,	-9.55005,	17.2283,	-8.19197,	7.27295,	-10.6435,	-2.79993,	17.5878,	-16.7589,	3.18439,	-1.69322,	-1.98439,	19.3138,	-4.53225,	-0.572657,	0.738043,	10.9054,	24.6569,	-2.82049,	9.77858,	-13.6710,	4.97154,	4.38365,	-7.34641,
 	-2.33321,	3.43137,	10.9034,	1.48575,	-2.44052,	2.62451,	-9.20165,	-6.79320,	-3.26250,	12.2546,	13.7942,	5.70555,	-19.1064,	34.9310,	16.3505,	-20.6569,	4.70205,	-0.908156,	2.46649,	18.4375,	2.57150,	2.76871,	3.95383,	-6.93179,	23.4656,	8.17843,	-8.47608,	-0.210604,	3.91946,	-4.97121,	9.08017,	13.7558,	11.9504,	4.87044,	8.94642,	2.05553,	-11.8895,	15.8822,	-21.5272,	18.3490,	-1.19756,	4.91009,	-16.7604,	40.9732,	18.0436,	5.55963,	3.71138,	7.56004,	-6.52519,	-22.2196,	2.43080,	9.80198,	5.86781,	-2.75264,	25.3131,
 	-12.5704,	-5.41496,	-11.9584,	-6.34406,	0.295529,	-0.973085,	-7.56053,	-0.576949,	4.31248,	-8.52602,	2.77860,	7.66196,	11.2678,	-8.07017,	-0.799083,	-8.69685,	-1.85338,	-1.80131,	4.31047,	-4.87308,	-9.32924,	7.63547,	-34.1337,	2.78277,	1.36838,	19.8835,	-31.4379,	-14.6386,	-11.5201,	-1.68958,	-2.75650,	-33.5335,	-8.41509,	-3.35308,	5.99858,	-46.6305,	-2.20466,	-4.95714,	-7.34457,	-9.15366,	-7.49297,	2.12785,	-8.98218,	-26.6238,	-43.1745,	1.78838,	-9.51306,	-3.89152,	3.64476,	-4.85428,	-4.62258,	5.92525,	14.9262,	-5.83822,	6.52344,
 	24.6264,	-27.6492,	6.42501,	-3.49933,	-3.04146,	-6.90499,	-20.9495,	9.68839,	2.22401,	26.3931,	4.50447,	4.77855,	-10.8572,	-11.4053,	-1.24792,	4.86898,	8.26041,	7.34636,	4.42963,	9.33164,	4.34317,	4.26726,	-22.7045,	-6.85015,	-8.56348,	8.28239,	4.66763,	9.44491,	-31.6795,	-0.616979,	1.69257,	14.9327,	-9.26054,	9.83943,	1.51285,	-12.3510,	-4.93050,	-8.18632,	26.3730,	2.02123,	8.02022,	-5.61468,	5.29876,	5.00427,	-6.41579,	-6.40828,	6.20159,	-13.9173,	11.0712,	-18.2727,	10.7368,	20.6687,	3.36156,	-7.26038,	-8.54863,
 	-17.1827,	7.28185,	-1.68951,	-1.19984,	-8.42777,	-13.1359,	-14.4471,	-7.47901,	-0.323862,	1.07216,	-10.4351,	-10.9867,	40.8894,	-29.2094,	-11.3948,	4.69589,	25.0197,	5.69138,	11.1407,	3.79278,	-7.46840,	-12.5329,	-11.8736,	-9.64783,	10.6247,	-3.56992,	9.27763,	-37.4093,	-2.87321,	-4.78271,	-4.37723,	1.17607,	19.5010,	4.03240,	-20.6868,	-14.4249,	9.92380,	0.719843,	9.12773,	13.0613,	15.1102,	0.676471,	22.2137,	9.03241,	-3.16991,	1.59516,	10.8862,	16.2620,	27.5336,	3.39263,	-11.4239,	-1.40262,	8.55945,	6.72458,	-9.24694,
 	19.6912,	-0.568360,	7.05387,	-17.5691,	14.5232,	0.640635,	-3.96447,	-12.7928,	4.90128,	-15.4569,	3.10424,	2.18022,	-23.0543,	-5.02553,	22.2676,	33.2731,	23.8369,	3.23002,	-4.77863,	-6.50047,	-8.59296,	-3.51359,	-0.610491,	-11.1022,	-24.5869,	3.23793,	13.1374,	-7.29880,	7.93755,	3.57986,	1.15790,	-12.0821,	30.2561,	2.30946,	-12.1304,	18.8780,	-5.10569,	-5.05186,	3.56793,	9.93273,	10.0257,	1.49010,	-7.63191,	22.9628,	-7.53271,	1.95933,	2.34634,	-0.826550,	8.23480,	-9.75021,	0.353128,	-1.46034,	-2.51063,	-17.4337,	-10.8700,
 	-0.668326,	7.94821,	8.59721,	-0.00617992,	-35.9485,	6.39274,	-13.4183,	5.34868,	2.27181,	8.45013,	3.04003,	-8.94537,	7.11759,	5.77933,	14.9167,	-7.34205,	-32.0373,	5.63711,	12.7491,	4.53626,	-11.9449,	-1.58907,	3.08598,	0.584167,	18.0077,	13.5137,	12.7464,	10.8186,	-16.6396,	7.78902,	7.24375,	-1.27788,	6.96985,	-3.14615,	13.1761,	32.4138,	-0.604073,	12.6950,	-12.5197,	-5.85465,	-4.91675,	-4.79619,	21.3265,	-29.6710,	-18.5776,	-5.27731,	-10.7774,	20.2753,	28.3497,	-25.5283,	5.11815,	11.3648,	1.30054,	8.17116,	-7.94071,
 	15.4366,	32.6035,	-3.61652,	-4.37712,	-41.5214,	6.01833,	-10.4333,	-24.6252,	2.74623,	-1.82444,	-1.27971,	-2.52681,	-3.95156,	26.0638,	-15.1840,	13.9883,	-33.4671,	4.58152,	5.96978,	8.58354,	0.423157,	-13.5358,	14.5844,	-14.7702,	-13.6481,	11.9929,	30.4826,	0.616293,	27.0832,	7.29078,	-5.04466,	-15.0982,	7.95916,	11.0998,	2.15070,	51.5057,	2.05877,	14.9416,	0.0342947,	-0.838410,	1.38149,	3.93301,	-26.9743,	15.1474,	8.07264,	4.86476,	-9.57444,	-5.02768,	-14.3068,	-33.2417,	-3.76140,	13.0593,	-10.7193,	-7.74786,	-5.19946,
 	-19.1310,	-22.5832,	-3.57397,	1.60965,	7.81257,	-11.5207,	0.183963,	-1.75026,	-9.59453,	-36.1447,	-12.3508,	-4.90579,	-4.32175,	25.0225,	26.6091,	5.81636,	20.3898,	2.81233,	-9.21922,	-10.5787,	7.37312,	6.11855,	-35.6348,	-19.8621,	0.969910,	-34.8809,	21.3884,	3.66185,	15.7622,	-5.64286,	0.424213,	-0.296461,	-9.98309,	-4.88926,	-9.56948,	-0.875688,	-12.7162,	-2.19029,	-1.19313,	-4.38809,	-2.74114,	1.06140,	2.42980,	29.5202,	-36.5582,	0.536140,	-17.2510,	5.28053,	-2.22992,	-0.608713,	0.235504,	-14.1328,	6.72849,	-13.1289,	-2.12632,
 	-20.7602,	-12.4603,	-9.45363,	-0.286800,	3.17871,	-52.5967,	10.6251,	12.8625,	0.784801,	-0.822372,	6.07846,	4.61183,	-25.5985,	3.87086,	-5.17012,	-9.49900,	-10.8727,	-4.87532,	0.471663,	-0.926300,	1.03886,	13.7476,	-3.79501,	-5.40897,	-9.72124,	30.7361,	5.73741,	5.28881,	-30.1950,	-9.59705,	-1.32463,	-9.92173,	0.0279412,	4.59233,	-1.55832,	3.93457,	-4.44125,	-11.9664,	15.5786,	13.7624,	-7.29991,	6.96800,	-13.4138,	28.4350,	25.3812,	8.70971,	1.04035,	5.24980,	-18.6296,	-8.53448,	-5.24431,	23.8142,	2.62847,	-11.2330,	5.03024,
 	0.128986,	-0.429273,	-5.87337,	0.436861,	-2.06854,	-8.22597,	-16.8547,	-15.4252,	-1.87897,	-15.0639,	-1.61448,	1.92792,	-3.94419,	12.4203,	4.78688,	19.7163,	1.64187,	-2.34035,	2.27167,	-0.0257659,	0.253107,	5.10730,	-12.8100,	-11.2692,	15.3628,	18.5075,	1.40161,	-5.04477,	-11.3288,	-2.36069,	-4.43829,	-0.291615,	-8.68853,	-5.78971,	7.06574,	11.3099,	-4.59838,	-5.03280,	-7.62238,	-1.27431,	-3.25365,	1.97002,	21.9013,	1.27102,	-4.47616,	1.99163,	-10.0398,	2.69702,	7.09409,	-5.19793,	1.34067,	-3.48922,	10.0010,	2.72017,	2.70144,
 	-0.737842,	-3.36166,	-0.459761,	-3.30559,	14.3645,	10.2649,	-6.35864,	-11.1057,	-6.67467,	-30.5351,	-3.74665,	-9.85685,	-14.8435,	-0.323454,	-14.3357,	10.0678,	7.52493,	0.886523,	8.89482,	12.5805,	2.63792,	-20.7143,	-21.0516,	12.5032,	24.8133,	4.90106,	-16.0289,	29.2427,	-7.15844,	12.3132,	2.91506,	11.7272,	15.2194,	15.6435,	-1.28056,	10.2464,	3.20618,	3.66819,	15.8365,	-11.1521,	8.50875,	4.50240,	-3.63913,	4.69369,	6.54283,	5.03995,	9.11529,	-1.74858,	-7.86962,	8.60805,	-7.10900,	16.9446,	-4.94702,	-17.7765,	-14.4215,
 	-12.6950,	-2.44458,	-12.2030,	-13.6999,	-29.0657,	0.208920,	-1.98211,	3.75851,	2.29893,	-10.1992,	-14.1412,	-6.96954,	14.1936,	-1.19927,	12.3046,	-14.4603,	-9.26412,	-6.57257,	-9.18600,	-5.26659,	-2.26849,	-12.7334,	-5.98179,	-8.06514,	-8.10155,	-13.5046,	16.0224,	4.12650,	29.6326,	-5.55790,	3.71347,	2.78972,	-14.5636,	-4.48730,	-1.59238,	1.01127,	-7.65813,	2.08366,	3.01251,	-7.45564,	-0.324296,	-0.0770115,	-22.8980,	-11.5685,	6.62718,	-1.33298,	-2.36014,	5.23876,	-2.09591,	3.76111,	-6.56887,	-7.98643,	-6.89936,	-25.9776,	2.99961,
 	-8.64920,	10.2656,	7.54006,	33.3286,	6.90430,	6.69111,	2.78340,	8.88760,	-8.88109,	10.5719,	2.30730,	-11.9405,	-0.535462,	-0.354032,	4.14273,	6.87526,	-32.5079,	-0.884216,	2.36448,	-3.08910,	13.7151,	-1.29165,	-30.1759,	-9.78573,	4.70541,	8.96371,	0.693767,	8.59852,	-13.4501,	-5.94878,	5.23528,	17.1799,	6.23828,	-10.4609,	-5.13045,	8.85504,	19.9937,	4.69861,	-22.5700,	-4.60071,	19.0227,	-0.0311776,	-4.06599,	8.06398,	5.42715,	1.30545,	22.7933,	-21.8321,	21.5584,	13.2249,	-2.54976,	1.58196,	1.84966,	23.9802,	-7.22163,
 	-6.12434,	8.11091,	-22.8791,	-1.53564,	4.52888,	7.63377,	-3.41112,	-16.9288,	-8.28922,	4.73447,	-3.18328,	-12.5646,	-6.86329,	13.2253,	0.415086,	-16.8891,	-2.04190,	1.80845,	-0.367570,	2.64068,	6.98116,	-1.56324,	-15.7670,	-15.3195,	8.35425,	7.21096,	-0.689858,	0.687722,	-6.45425,	-15.1238,	0.994572,	-3.99738,	0.139614,	5.33032,	-6.75178,	-1.74261,	-0.456536,	1.18937,	10.5262,	10.1982,	6.61012,	-4.23032,	3.87667,	-3.62188,	-3.09268,	-3.05547,	2.25751,	-4.73238,	8.34052,	3.43323,	-17.3274,	-20.2116,	5.54754,	-11.9890,	3.22699,
 	-7.03389,	4.04963,	-18.0111,	-1.70252,	-2.69145,	-9.57001,	-21.0937,	-9.41653,	6.87079,	-24.5496,	-9.80089,	-2.08837,	12.1108,	-6.11702,	19.1212,	3.98881,	16.0127,	-6.19626,	4.97262,	-0.740037,	0.856427,	-9.86319,	-14.8262,	-11.8011,	2.34840,	9.04439,	18.6313,	-1.81450,	-10.0345,	-3.94510,	-3.43226,	8.71724,	3.91874,	-10.4685,	9.56773,	1.67217,	-14.1736,	0.635271,	-5.12543,	-11.1021,	-4.06358,	3.07549,	30.2722,	17.8520,	-12.5471,	2.64045,	-15.2219,	-7.63095,	6.42438,	-7.17198,	0.801541,	-5.06152,	12.3993,	-11.3435,	5.03227,
 	-1.07448,	-0.0546177,	-0.163333,	0.0890813,	0.137632,	1.17997,	0.505204,	0.807202,	-0.0912627,	-0.175153,	-1.05055,	1.85468,	-2.04532,	-0.801424,	0.623473,	0.165895,	0.375459,	4.46355,	1.57849,	0.469769,	5.55857,	0.598841,	0.404126,	0.0563849,	-0.660376,	-0.0540956,	-0.422461,	1.02815,	1.02528,	-0.761660,	-3.17352,	-0.127067,	-0.744778,	2.30339,	1.26005,	-0.378657,	0.454191,	1.84396,	0.278828,	-0.318050,	0.961174,	-0.878529,	0.166566,	-0.124580,	-0.929795,	-0.850631,	-0.721305,	0.310001,	0.306502,	0.383440,	0.0292066,	-0.837802,	-2.02210,	-0.541784,	-0.448208,
 	-0.945824,	-0.0180296,	-0.0459626,	0.161900,	0.0681872,	1.23296,	0.493762,	0.742704,	0.00511026,	-0.0513422,	-1.02300,	1.84113,	-2.00505,	-0.745029,	0.689005,	0.229330,	0.478775,	4.41820,	1.57627,	0.532674,	5.57022,	0.675927,	0.373479,	0.0547753,	-0.616918,	-0.0494317,	-0.400536,	1.02642,	0.864869,	-0.692332,	-3.11702,	-0.199379,	-0.727831,	2.12619,	1.40811,	-0.454958,	0.498001,	1.77699,	0.253601,	-0.357995,	0.935764,	-0.757975,	0.213475,	-0.154538,	-0.802064,	-0.762385,	-0.763230,	0.307028,	0.464608,	0.488005,	-0.00275121,	-0.840651,	-2.13063,	-0.489245,	-0.478420)
 b.b = VectorD(-4.59118,	-21.8561,	10.3505,	-15.7477,	-54.5808,	-4.53902,	-19.3956,	-32.2390,	-2.96195,	-6.56168,	-12.2433,	-14.6228,	-28.0433,	-20.3845,	-7.71144,	-21.1366,	-36.6522,	-10.9087,	-18.4444,	-5.75216,	-18.5370,	-1.45310,	0.995506,	-29.1636,	-8.91918,	-26.0160,	-48.7284,	-37.0885,	-37.8891,	-24.5136,	-14.0735,	-18.5213,	-21.3517,	-11.5760,	-11.9963,	-40.2620,	5.24984,	-8.69458,	-36.6337,	-9.64061,	-7.43432,	-9.37054,	-1.87870,	-29.7362,	-23.4523,	-10.1434,	4.93388,	-12.5617,	-9.38397,	-15.5226,	-21.1054,	-13.0725,	-7.62549,	-16.1057,	-7.06546), b.w =
MatrixD (19.8510,
 	32.2776,
 	18.6511,
 	-26.8714,
 	-18.7155,
 	-22.4486,
 	-20.6110,
 	-23.0839,
 	11.7862,
 	-29.8073,
 	28.7925,
 	-20.4124,
 	-27.7096,
 	-23.0034,
 	-20.7100,
 	-25.2159,
 	-16.6664,
 	-31.0747,
 	-19.4892,
 	18.1094,
 	-21.4969,
 	-30.2803,
 	-25.8341,
 	-20.1615,
 	17.1723,
 	-19.8114,
 	-18.2191,
 	-41.1463,
 	-22.6023,
 	-17.0494,
 	-22.0326,
 	17.0940,
 	-20.6445,
 	20.4938,
 	18.0411,
 	-19.5861,
 	13.7039,
 	-16.5560,
 	-14.8215,
 	-18.7560,
 	34.4217,
 	14.7749,
 	-24.5504,
 	-20.6068,
 	-20.7317,
 	14.6339,
 	17.1204,
 	18.1997,
 	-26.4390,
 	-18.5081,
 	-26.5446,
 	-15.0879,
 	-11.1182,
 	28.7911,
 	18.5469)
 b.b = VectorD(10.3014))
    ----------------------------------------------------------------------------
    fitMap     qof =
		rSq 	 -> VectorD(0.460392)
		rSqBar 	 -> VectorD(0.459653)
		sst 	 -> VectorD(2.07431e+08)
		sse 	 -> VectorD(1.11931e+08)
		sde 	 -> VectorD(75.2136)
		mse0 	 -> VectorD(5671.72)
		rmse 	 -> VectorD(75.3108)
		mae 	 -> VectorD(45.3351)
		smape 	 -> VectorD(44.1926)
		m 	 -> VectorD(19735.0)
		dfm 	 -> VectorD(27.0000)
		df 	 -> VectorD(19708.0)
		fStat 	 -> VectorD(622.771)
		aic 	 -> VectorD(-113477)
		bic 	 -> VectorD(-113256)
		mape 	 -> VectorD(54.5950)
		mase 	 -> VectorD(1.58494)
		smapeC 	 -> VectorD(44.1955)
		picp 	 -> VectorD(-1.00000)
		pinc 	 -> VectorD(-1.00000)
		ace 	 -> VectorD(-1.00000)
		pinaw 	 -> VectorD(-1.00000)
		iscore 	 -> VectorD(-1.00000)
		wis 	 -> VectorD(-1.00000)

    ----------------------------------------------------------------------------

Run + title
Run + title
summary2 not implemented yet
------------
| Validate |
------------
DEBUG @ PredictorMV.validate: n_test = 3947, rando = true
optimize: bSize = 6, nB = 2631

Process finished with exit code 0