"C:\Program Files\Java\jdk-25\bin\java.exe" "-javaagent:C:\Users\mkk51\AppData\Local\Programs\IntelliJ IDEA Community Edition\lib\idea_rt.jar=57400" -Dfile.encoding=UTF-8 -Dsun.stdout.encoding=UTF-8 -Dsun.stderr.encoding=UTF-8 -classpath C:\Libs\scalation_2.0\target\scala-3.7.2\classes;C:\Users\mkk51\AppData\Local\Coursier\cache\v1\https\repo1.maven.org\maven2\org\scala-lang\scala3-library_3\3.7.2\scala3-library_3-3.7.2.jar;C:\Users\mkk51\AppData\Local\Coursier\cache\v1\https\repo1.maven.org\maven2\org\scala-lang\scala-library\2.13.16\scala-library-2.13.16.jar project2.NeuralNetwork3LAE
DEBUG @ ActivationFun.rescaleX: from (VectorD(0.00000,	16.7900,	27.0233,	16.1000,	20.4633,	17.2000,	28.7667,	15.1000,	27.6600,	15.3300,	29.8150,	-6.06500,	1.00000,	15.3900,	23.2000,	16.3067,	29.6000,	14.8900,	29.1667,	-5.00000,	729.300,	24.0000,	0.00000,	1.00000,	-6.60000,	0.00532168,	0.00532168), VectorD(70.0000,	26.2600,	63.3600,	29.8567,	56.0267,	29.2360,	50.1633,	26.2000,	51.0900,	25.7950,	96.3217,	28.2900,	99.9000,	26.0000,	51.4000,	27.2300,	58.7800,	24.5000,	53.3267,	26.1000,	772.300,	100.000,	14.0000,	66.0000,	15.5000,	49.9965,	49.9965)) to (-2.0,2.0)
WARNING: A terminally deprecated method in sun.misc.Unsafe has been called
WARNING: sun.misc.Unsafe::objectFieldOffset has been called by scala.runtime.LazyVals$ (file:/C:/Users/mkk51/AppData/Local/Coursier/cache/v1/https/repo1.maven.org/maven2/org/scala-lang/scala3-library_3/3.7.2/scala3-library_3-3.7.2.jar)
WARNING: Please consider reporting this to the maintainers of class scala.runtime.LazyVals$
WARNING: sun.misc.Unsafe::objectFieldOffset will be removed in a future release
--------------------------------------------
| Small Example - NeuralNet_XL: trainNtest |
--------------------------------------------
optimize3: bSize = 6, nB = 3289
ending epoch = (1.3154180736851631E8,400)
T E S T: bb = Array(b.w =
MatrixD (-108.457,	16.5673,	-95.1290,	18.2471,	-35.1957,	-22.4308,	57.6580,	-70.9502,	3.61459,	25.7843,	-75.8123,	-9.43820,	61.4001,	-127.188,	18.0817,	-55.8353,	-6.67285,	2.26093,	-27.3738,	10.9610,	5.62055,	-23.6896,	-5.27817,	-10.3080,	28.1707,	19.1590,	48.6733,	-23.2435,	-3.95030,	13.2335,	15.9431,	-18.9201,	24.0738,	-18.1772,	18.1005,	34.0477,	4.00347,	9.34361,	12.0257,	6.89417,	19.1042,	51.2721,	-22.7828,	-1.00911,	-22.3580,	14.8089,	6.85865,	42.9257,	38.6580,	-10.1305,	26.3486,	18.0480,	10.0481,	1.24086,	11.2512,
 	25.1706,	1.94416,	5.95708,	6.90187,	-49.3259,	28.6816,	23.2013,	89.7178,	-25.3545,	-1.02637,	28.7077,	17.8339,	-62.0662,	49.9496,	69.9759,	15.8676,	-80.0834,	-5.53738,	-36.9698,	-57.3005,	59.7515,	-1.17339,	-13.0279,	31.4328,	-14.5828,	15.8210,	-4.56838,	-10.0079,	-16.3323,	44.9416,	-13.3767,	45.9606,	-23.3380,	-0.516498,	-0.741684,	11.5119,	4.56489,	-37.3501,	23.4975,	8.53725,	28.5821,	22.9876,	-10.5308,	-40.3628,	19.8838,	31.8979,	-3.36513,	-19.7310,	9.74725,	14.2934,	9.00080,	-26.1030,	-0.0371022,	20.4625,	-30.4879,
 	-8.71114,	-1.55728,	12.2408,	6.49902,	-6.75211,	-28.8278,	11.6340,	-43.8699,	-51.5376,	-4.51301,	-39.3140,	-57.0332,	34.0259,	-61.1071,	-2.72383,	-28.4431,	46.4165,	-11.7798,	-50.4676,	-59.3279,	-68.1271,	6.18214,	-7.13271,	-20.0648,	34.7991,	-21.7792,	-15.5364,	-5.56708,	-7.65772,	-41.9337,	20.8635,	-61.0568,	-12.6884,	45.9624,	2.48538,	47.5766,	-61.4655,	-23.1368,	-19.4896,	12.7346,	-23.2819,	12.8157,	2.64909,	55.5997,	-127.722,	41.1605,	1.78019,	-14.0033,	0.674101,	-36.0378,	-2.96976,	-28.2829,	29.1388,	-12.1976,	-7.40538,
 	-49.4317,	12.6233,	3.08483,	35.5651,	101.089,	13.4321,	7.22748,	-5.27680,	-66.1703,	24.9217,	-2.82563,	-28.2454,	-8.60735,	7.26428,	-21.1319,	3.43426,	8.24094,	-37.8236,	-27.5753,	-16.3505,	-48.1677,	46.4029,	-16.8995,	4.86863,	8.98781,	32.8056,	-21.2614,	19.3575,	31.0387,	-4.30875,	-7.26860,	21.1221,	5.14113,	24.2719,	13.6788,	18.6658,	13.0192,	38.5759,	4.90493,	16.8157,	-47.3200,	36.0390,	41.8361,	37.1385,	32.6518,	20.9861,	5.83297,	4.36040,	32.8385,	-24.8658,	16.7374,	36.3015,	8.40750,	43.9122,	-13.2471,
 	70.7123,	1.19153,	73.5926,	11.5433,	39.9733,	45.4966,	34.5220,	27.8414,	67.1620,	1.81856,	15.4745,	23.9601,	-10.7597,	49.7103,	49.3914,	3.61842,	6.97161,	54.2390,	0.869727,	18.6693,	28.4879,	15.8524,	56.0125,	21.8568,	1.54065,	16.2889,	-26.4967,	14.7535,	14.9788,	-10.5928,	-47.1807,	-1.00460,	4.84766,	70.8937,	0.502968,	46.5340,	-5.31744,	-19.2163,	17.5982,	1.32807,	35.9081,	6.62495,	-17.8102,	-27.0190,	64.4015,	33.9324,	-2.24177,	-10.7320,	-43.8569,	42.1809,	-2.33767,	-16.3483,	11.6005,	6.02687,	-6.54163,
 	22.8516,	-1.79549,	-7.23716,	-31.6086,	-73.4298,	-63.3482,	-1.69067,	32.8785,	-30.6223,	-2.37225,	6.14834,	-53.1058,	-46.7897,	-4.90933,	-5.17462,	46.4272,	-36.1138,	-57.9281,	-88.6801,	-56.8599,	-56.6324,	-49.8839,	-72.1203,	0.630373,	2.60885,	36.6862,	15.7929,	9.77990,	1.48030,	47.1293,	30.6397,	-26.4564,	-28.8088,	-34.0680,	-7.68987,	32.7885,	1.51096,	-25.3864,	-33.8007,	13.4527,	-2.09043,	26.0647,	58.8891,	-36.6306,	-172.337,	20.0935,	0.886220,	-10.8789,	-7.92966,	-17.5183,	12.6827,	-56.1438,	15.7227,	-39.3544,	-32.2937,
 	-71.2106,	10.1123,	-48.0931,	26.6765,	-31.7296,	-71.4225,	11.8930,	-45.8184,	-23.0107,	12.5338,	-1.42844,	48.5793,	22.9971,	-60.3373,	19.8562,	-22.3378,	81.6434,	2.48616,	27.4814,	-45.0486,	-23.3468,	41.4458,	-11.9598,	-5.52335,	2.04324,	10.4781,	-5.04859,	-0.555077,	-22.7705,	-34.0356,	34.9588,	19.5552,	27.8999,	73.0864,	-1.28782,	5.07303,	2.57917,	16.0107,	-4.03349,	-0.575469,	18.3406,	13.4441,	2.06710,	-31.7925,	-192.373,	21.0437,	1.07265,	-6.59137,	-13.7415,	-8.26153,	3.30431,	-41.1413,	26.2813,	16.1758,	21.6627,
 	7.42881,	2.60218,	-67.1767,	-3.82720,	-40.0007,	24.3547,	23.5891,	35.5495,	-19.2220,	1.31840,	17.4461,	6.21660,	23.1816,	29.2947,	-8.05292,	-5.16864,	-58.1005,	-23.2468,	-29.4542,	9.78958,	33.2811,	6.51066,	7.63014,	41.6177,	-8.12132,	52.2461,	80.4666,	-0.388822,	-2.82744,	-0.142253,	-19.6004,	-3.83524,	3.22445,	1.21359,	-2.10671,	-10.8826,	6.14707,	14.6476,	-4.79344,	39.8053,	9.32650,	0.350594,	-38.3304,	18.7976,	45.5818,	-3.06380,	-2.70439,	3.90289,	-12.5966,	-15.6783,	-5.01242,	-1.38259,	21.1309,	38.5683,	-14.1579,
 	4.93263,	3.36502,	-24.1044,	-9.70658,	32.1297,	-33.1498,	8.95478,	4.33239,	-59.4317,	-8.58455,	9.89452,	-14.2208,	10.4602,	1.99618,	17.8725,	-17.9988,	3.18978,	-91.8600,	-35.6778,	-37.4058,	17.9043,	38.5019,	12.9420,	-24.6164,	-14.9423,	0.0431352,	26.7465,	3.49914,	-26.5418,	-4.42441,	-26.1346,	35.4971,	1.81992,	31.2900,	-6.97310,	19.8233,	6.87762,	13.3889,	27.6794,	54.6989,	-53.0177,	-4.74596,	46.5487,	55.2686,	25.6112,	-6.10418,	-2.43984,	1.03393,	7.52199,	-11.3660,	-8.03414,	62.8130,	4.75058,	-3.84435,	5.34396,
 	0.907254,	5.03946,	26.2962,	24.3339,	-56.3874,	-28.6935,	-16.3901,	-1.06208,	11.2704,	12.2208,	13.5445,	-34.8866,	-7.80811,	21.0064,	-29.7043,	21.5083,	3.92186,	28.0009,	-25.8647,	-7.23077,	39.4046,	13.1909,	16.3096,	-44.7974,	-9.48084,	-23.6231,	-18.0424,	-16.7725,	-7.81965,	8.60615,	-35.0638,	3.86146,	-8.07197,	36.7997,	2.70985,	-15.8092,	-59.8289,	-27.0396,	-19.6399,	3.18049,	16.5178,	7.01937,	64.6176,	-34.9626,	51.5945,	-3.36397,	2.62557,	-6.39773,	-24.9592,	28.2655,	-0.840172,	-14.4446,	29.8659,	11.9747,	-9.04822,
 	-37.3680,	7.25911,	-20.5820,	-6.19874,	-1.98037,	33.1704,	6.03704,	-96.6425,	-57.7388,	17.5376,	-2.91561,	50.5542,	55.6733,	14.4207,	20.9088,	-15.6480,	-19.9216,	-36.1104,	0.606597,	67.9238,	2.33156,	27.6893,	20.5726,	-21.6241,	5.77347,	4.38624,	20.9790,	0.0281146,	-12.1689,	7.38743,	1.93408,	-34.2355,	-15.1307,	4.06854,	11.1957,	12.0540,	-22.9307,	11.0237,	32.4293,	8.54229,	-10.3063,	-1.19840,	-24.6977,	-31.0538,	25.5427,	5.61010,	2.08342,	48.4737,	-1.19911,	40.0543,	-2.55648,	-24.0026,	12.6339,	-2.34716,	32.7541,
 	27.1424,	9.11026,	3.17031,	2.41154,	54.2777,	-20.3628,	-1.87768,	-15.4291,	-19.5186,	10.8152,	-15.0791,	-30.8685,	-43.1394,	0.497262,	-18.4737,	-14.5530,	26.3371,	-3.71453,	-15.7006,	10.6447,	-60.9287,	21.6916,	-94.1495,	-23.5863,	-1.09071,	1.78749,	17.2658,	9.92103,	24.3038,	-13.3801,	-13.4043,	4.64930,	-16.2153,	-24.6875,	0.277879,	-2.73800,	-54.6095,	1.26116,	-8.59791,	-6.86001,	-42.5065,	-25.8961,	-0.420157,	108.256,	11.2288,	-10.1761,	3.77630,	8.72256,	13.0825,	-16.5810,	-2.16819,	-4.78980,	5.71001,	28.5087,	-1.59078,
 	-36.6675,	12.6159,	-13.7187,	17.8774,	0.309055,	-26.5537,	6.01969,	36.4506,	-83.0134,	15.1146,	32.7059,	28.8954,	18.3815,	-70.5606,	52.8806,	-11.9526,	49.4535,	-5.54609,	-2.96385,	47.0171,	20.3822,	-59.4086,	60.6471,	22.7466,	-5.32715,	-2.03520,	-23.7460,	2.79438,	18.2249,	-33.0832,	-23.6612,	40.2664,	18.2598,	-66.7217,	2.46307,	-11.6892,	17.7188,	32.0199,	13.5159,	13.9376,	-6.36526,	1.02203,	-28.4950,	75.0393,	29.1900,	17.9143,	2.95424,	6.96291,	10.1516,	20.2758,	6.58406,	7.86209,	-22.6417,	12.9079,	37.3734,
 	-23.9283,	1.98710,	-7.62474,	-23.9984,	39.9192,	53.1991,	-13.0476,	2.86933,	-32.3149,	-6.78710,	-12.4667,	-4.32079,	84.2031,	37.6000,	-9.17429,	43.2750,	-12.8014,	50.6821,	10.8068,	-4.88568,	52.5806,	1.45471,	-24.5624,	-25.7378,	0.0688492,	-13.9894,	-12.6932,	17.3079,	-23.0967,	-1.82236,	-11.1414,	-28.1194,	-18.2071,	20.2027,	-3.81676,	-20.7766,	-14.6329,	46.8174,	-40.3539,	-5.46993,	4.06064,	-22.9971,	-31.7453,	12.5575,	19.6655,	-20.1527,	-1.08505,	22.5646,	-26.1499,	-30.3583,	-7.41373,	-15.7776,	23.2602,	26.5099,	-9.54704,
 	-16.7540,	11.8223,	-8.19649,	-3.58190,	19.7536,	60.7347,	-11.4752,	22.9091,	7.94194,	0.755958,	-10.1468,	26.7723,	-25.5081,	25.2278,	-0.639465,	20.2635,	55.3419,	-5.42499,	-48.1861,	29.8970,	16.7047,	-29.3709,	-20.0006,	-11.4719,	6.75535,	-10.6628,	-9.07862,	-2.88838,	-21.0289,	-25.9281,	-36.9783,	24.2245,	-12.8306,	30.1198,	-1.77494,	-22.5959,	-64.1534,	13.3808,	-15.4224,	41.7064,	19.8765,	3.65454,	56.8717,	-17.2827,	70.2848,	-31.0124,	1.12581,	-4.22494,	-2.30503,	21.6820,	-1.69817,	-2.28728,	6.17902,	-3.07600,	-11.0660,
 	36.5250,	9.94232,	23.1206,	-1.66255,	-62.0495,	-15.6579,	-13.5741,	-12.7709,	-59.5817,	-5.93019,	5.39863,	-35.4228,	27.0554,	-26.8141,	37.7244,	36.9688,	-17.4855,	-22.7978,	-29.8294,	8.38480,	-44.1277,	-36.7188,	20.0034,	3.08541,	-8.22880,	1.60040,	-21.8366,	5.38260,	-33.4703,	22.8083,	15.0526,	-84.8849,	13.2099,	60.0980,	-6.13415,	-6.07874,	-50.9782,	44.0724,	-16.8393,	-35.6498,	55.1385,	29.5169,	-17.7780,	-69.9549,	-11.4686,	-12.9041,	0.621264,	36.9472,	1.32492,	14.9713,	-0.206160,	-57.9743,	4.39584,	-8.94810,	-27.5217,
 	7.89392,	6.68342,	33.6222,	-30.8706,	-98.5556,	27.8873,	-28.5946,	11.6892,	12.8793,	-26.8245,	4.57705,	8.53422,	-42.6293,	15.6317,	11.7265,	28.2975,	-16.9655,	-40.0682,	-51.7307,	82.6080,	63.0312,	-19.8934,	24.2169,	2.64370,	0.261377,	3.61513,	-46.5543,	8.01958,	-47.9741,	-11.7965,	-11.5326,	-72.7615,	-17.3902,	66.7218,	-2.33900,	-30.8867,	22.1802,	-23.5231,	0.752466,	9.65560,	55.6020,	-5.49565,	19.3165,	-125.409,	58.4039,	-25.0099,	-1.38229,	19.1768,	6.59037,	-5.77114,	-5.97165,	-14.3954,	32.6871,	-21.4253,	11.7964,
 	43.4697,	-2.47701,	59.1049,	5.80531,	22.8722,	42.9628,	3.41660,	2.29075,	44.9459,	-6.02512,	22.2358,	-21.1541,	20.8474,	26.4333,	-26.2707,	42.1075,	17.1586,	47.2815,	-1.42859,	-36.7130,	-18.8931,	-8.43300,	2.94372,	-9.05295,	9.16232,	15.0129,	4.36976,	-2.90746,	3.34130,	1.21493,	-14.9482,	-4.38896,	-12.0496,	48.3271,	3.87693,	-7.06073,	-0.474435,	41.4131,	-38.7377,	48.0235,	24.0444,	-19.4623,	-3.18636,	40.3242,	64.6311,	-10.5347,	0.500483,	-20.4086,	-26.2932,	15.3244,	-1.63825,	-34.3889,	32.3435,	40.4405,	-2.63679,
 	-3.82643,	19.5817,	-27.4422,	2.82471,	2.86579,	27.7356,	-17.9295,	-20.8040,	-85.2256,	7.33294,	-26.1475,	-32.7872,	-23.2421,	23.1279,	20.6603,	-2.92084,	-8.26992,	-1.34425,	-46.1767,	66.7481,	37.4624,	-36.1077,	-32.8503,	-11.6179,	5.08307,	-24.7256,	5.68660,	-3.98873,	-28.0942,	-32.6760,	21.9773,	27.3738,	-6.20790,	39.0690,	-0.143085,	-9.07386,	-74.5577,	46.4733,	34.8831,	-17.2549,	19.5936,	-9.91805,	102.439,	-15.9301,	-15.2401,	-11.6475,	-0.411259,	-8.42586,	-4.63086,	-3.05258,	-11.3518,	44.2367,	-21.7471,	15.9595,	-25.8261,
 	16.8315,	8.51243,	8.61218,	10.8041,	5.84315,	33.7311,	-4.72077,	3.83747,	-14.1129,	4.65983,	-6.58325,	6.08450,	2.28503,	-16.5138,	27.1872,	29.0865,	29.1505,	-17.9780,	-1.96768,	-21.0641,	12.6763,	24.8537,	-19.0267,	-23.1976,	-1.36021,	15.0305,	10.1346,	15.7033,	17.4886,	2.38681,	-11.9489,	18.8661,	-14.3189,	16.8687,	-0.995176,	-19.6533,	-62.5692,	17.1288,	-12.2591,	30.5992,	-18.2484,	-13.4872,	13.5599,	21.9441,	-12.9049,	-10.3102,	2.89405,	8.61005,	7.07248,	-14.0224,	-2.04088,	-30.4309,	10.9428,	19.0210,	0.449187,
 	-29.7608,	-13.0710,	-31.5760,	-36.6670,	18.7865,	38.5894,	-23.0241,	-9.36735,	53.2192,	-3.15013,	3.90119,	27.2016,	73.0505,	62.6089,	-49.9708,	-10.8156,	10.3531,	-7.23510,	-46.6535,	-4.01954,	22.1783,	-20.1303,	-25.5218,	0.0308855,	-31.1746,	28.3269,	-21.7969,	-29.6396,	10.9056,	18.8362,	-4.09426,	-56.9748,	18.3643,	36.1002,	-2.72040,	12.4703,	15.5717,	1.38785,	-24.0661,	37.6181,	-34.4424,	20.6058,	52.0280,	-14.1481,	-14.2438,	16.3269,	-3.79143,	13.0669,	-19.3100,	11.2426,	4.75038,	-10.8267,	-12.1181,	3.33858,	-24.6189,
 	23.2707,	-8.14916,	17.9848,	-20.8663,	-42.4364,	-41.1515,	-7.86467,	-20.2155,	24.5800,	-15.4861,	20.1916,	2.83685,	-22.8368,	40.3091,	-23.2730,	-37.4427,	-64.2865,	11.8737,	-55.4987,	17.2167,	-5.77586,	-25.5065,	-18.8971,	45.2717,	-9.38248,	24.1173,	25.3396,	-8.83747,	-33.3550,	16.9563,	-27.3564,	-35.4352,	-28.3565,	21.2058,	-13.9567,	-10.4753,	46.7299,	-31.0803,	-19.8141,	-30.1935,	59.1996,	-2.34423,	-35.0277,	-13.2287,	33.0826,	-22.8698,	-5.67318,	-10.0174,	-12.3527,	38.0740,	-5.58576,	8.81590,	-15.1360,	-38.2379,	4.35907,
 	11.7800,	-8.01546,	-44.1055,	6.89651,	14.2123,	23.4378,	-0.305267,	23.9363,	-11.9235,	4.02535,	8.96024,	-46.4060,	56.4099,	23.4641,	-18.1722,	2.20932,	-15.9998,	-95.5319,	40.0738,	-0.947089,	-30.1184,	12.3157,	-16.7572,	42.0013,	-6.58450,	-3.43497,	-36.2089,	-6.28310,	5.22018,	-27.1373,	-11.0160,	11.0831,	-9.13953,	-2.33512,	-2.74293,	26.8208,	6.21017,	-23.1759,	35.4852,	-11.2430,	30.3643,	-3.72367,	43.5979,	-11.6300,	-15.9953,	-5.65898,	1.30688,	-1.21236,	-4.00174,	-22.5433,	7.16428,	-42.7525,	35.3051,	58.8297,	41.5014,
 	4.89541,	-11.6255,	-1.00138,	-15.3636,	-22.7321,	-9.41638,	15.0354,	-9.69665,	-15.7104,	5.64424,	13.1398,	23.4802,	-7.38052,	47.1298,	7.09551,	1.29443,	-3.18003,	25.7451,	-19.6118,	-50.5832,	-17.5893,	18.4063,	31.9571,	-26.6123,	2.01789,	-14.7944,	7.63190,	21.4717,	-34.0899,	3.48411,	-10.6373,	8.15578,	4.10543,	0.259080,	6.79700,	-5.51407,	28.5079,	-11.9518,	25.5125,	5.07227,	-5.12395,	-47.0716,	-17.6643,	-20.4940,	-0.790939,	31.9555,	-0.671288,	-2.33491,	18.5921,	-8.97531,	-15.2742,	30.1110,	9.45812,	-35.2084,	-5.91875,
 	30.5954,	6.36308,	25.3600,	-3.60166,	10.6697,	49.4325,	-5.74290,	-11.2629,	7.87008,	0.213424,	-3.78111,	8.48383,	8.82583,	1.80434,	35.5176,	25.9768,	-10.4920,	-14.9800,	-65.4535,	-12.4102,	14.0752,	20.4844,	-12.7604,	5.90443,	-3.08122,	48.0179,	15.0618,	18.8078,	11.1549,	20.6624,	-26.3551,	17.6862,	-37.7100,	30.6343,	-6.29687,	-21.3186,	-36.0362,	11.9530,	-27.2126,	36.1152,	18.5963,	-7.88330,	0.233363,	24.0780,	-3.47161,	-27.6976,	-0.120006,	0.836904,	3.43642,	13.7841,	-0.0437812,	-6.84153,	7.53224,	0.830406,	-1.51889,
 	4.93672,	11.4990,	-7.98557,	2.34887,	5.97251,	-1.31911,	-0.724092,	4.06478,	4.77756,	-1.31547,	-0.496318,	2.56040,	0.0672056,	0.941068,	-4.38814,	1.51217,	1.29639,	-3.43637,	-3.68617,	-3.96088,	2.84198,	-0.929533,	3.12604,	0.0790335,	3.25116,	-0.818651,	0.764641,	-30.6089,	0.395910,	0.294659,	-3.35117,	1.08654,	-0.214784,	3.17544,	-1.09224,	17.9933,	-1.06042,	-1.21534,	-0.900909,	0.813631,	2.42956,	-7.89885,	0.853160,	-4.09125,	3.94104,	-1.78000,	0.104093,	0.00602079,	-22.3857,	0.0184114,	-4.66641,	-1.37339,	-3.24870,	3.15930,	1.35389,
 	5.06538,	11.5356,	-7.86820,	2.42168,	5.90306,	-1.26612,	-0.735534,	4.00028,	4.87394,	-1.19166,	-0.468775,	2.54686,	0.107478,	0.997464,	-4.32261,	1.57560,	1.39971,	-3.48171,	-3.68839,	-3.89798,	2.85363,	-0.852446,	3.09540,	0.0774238,	3.29462,	-0.813987,	0.786566,	-30.6107,	0.235496,	0.363988,	-3.29466,	1.01422,	-0.197837,	2.99824,	-0.944179,	17.9170,	-1.01661,	-1.28230,	-0.926137,	0.773686,	2.40415,	-7.77830,	0.900068,	-4.12121,	4.06877,	-1.69175,	0.0621687,	0.00304748,	-22.2276,	0.122976,	-4.69837,	-1.37624,	-3.35723,	3.21184,	1.32368)
 b.b = VectorD(26.5836,	-6.26823,	-62.4593,	-17.4610,	-81.8983,	-53.2149,	-16.5938,	17.1714,	-99.8376,	-27.4117,	28.3528,	27.4314,	2.37720,	-29.9556,	-29.1556,	-18.4915,	21.0045,	-5.44979,	-49.7259,	-143.174,	-70.4144,	4.81962,	-38.5551,	19.7710,	-29.2045,	-15.2285,	102.038,	0.0724049,	-29.6219,	-19.4597,	-16.4390,	-5.20721,	-12.7677,	-34.0788,	-19.3064,	-42.2175,	3.49449,	-13.5826,	-36.3301,	-28.3947,	-62.7369,	-38.7655,	-20.6576,	92.6632,	-0.862899,	-31.7407,	-9.38717,	-7.62160,	-16.9093,	-0.413078,	-29.3346,	-23.4292,	-29.6485,	-21.2307,	33.8175), b.w =
MatrixD (-23.1624,
 	-2.97184,
 	-11.5950,
 	-24.1787,
 	-18.2821,
 	-16.7546,
 	-16.2845,
 	-31.8359,
 	-18.1948,
 	-7.23351,
 	-53.7684,
 	-15.8276,
 	26.0166,
 	-20.7031,
 	-8.68560,
 	-14.2875,
 	17.1187,
 	-21.9999,
 	-20.1337,
 	-20.6432,
 	-12.0724,
 	-15.4875,
 	-18.9940,
 	-13.6965,
 	-52.8333,
 	-10.1270,
 	11.0282,
 	-5.15118,
 	-8.79629,
 	-12.9675,
 	8.24195,
 	-10.8643,
 	-8.44597,
 	-18.0742,
 	-18.5945,
 	-24.5790,
 	-25.4189,
 	-15.6573,
 	-13.1046,
 	-15.2315,
 	-11.9110,
 	-24.5943,
 	-18.7476,
 	15.8333,
 	-26.5004,
 	-10.4989,
 	-16.8738,
 	-24.3269,
 	3.61781,
 	-12.5187,
 	-37.3782,
 	-13.3770,
 	15.1975,
 	-13.9504,
 	8.23524)
 b.b = VectorD(23.2937))

REPORT
    ----------------------------------------------------------------------------
    modelName  mn  = NeuralNet_3L_tanh_id
    ----------------------------------------------------------------------------
    hparameter hp  = HyperParameter(eta -> (0.001,0.1), bSize -> (6.0,20), maxEpochs -> (400,400), lambda -> (0.01,0.01), upLimit -> (4,4), beta -> (0.9,0.9), beta2 -> (0.999,0.999), nu -> (0.9,0.9))
    ----------------------------------------------------------------------------
    features   fn  = Array(x0, x1, x2, x3, x4, x5, x6, x7, x8, x9, x10, x11, x12, x13, x14, x15, x16, x17, x18, x19, x20, x21, x22, x23, x24, x25, x26)
    ----------------------------------------------------------------------------
    parameter  bb  = Array(b.w =
MatrixD (-108.457,	16.5673,	-95.1290,	18.2471,	-35.1957,	-22.4308,	57.6580,	-70.9502,	3.61459,	25.7843,	-75.8123,	-9.43820,	61.4001,	-127.188,	18.0817,	-55.8353,	-6.67285,	2.26093,	-27.3738,	10.9610,	5.62055,	-23.6896,	-5.27817,	-10.3080,	28.1707,	19.1590,	48.6733,	-23.2435,	-3.95030,	13.2335,	15.9431,	-18.9201,	24.0738,	-18.1772,	18.1005,	34.0477,	4.00347,	9.34361,	12.0257,	6.89417,	19.1042,	51.2721,	-22.7828,	-1.00911,	-22.3580,	14.8089,	6.85865,	42.9257,	38.6580,	-10.1305,	26.3486,	18.0480,	10.0481,	1.24086,	11.2512,
 	25.1706,	1.94416,	5.95708,	6.90187,	-49.3259,	28.6816,	23.2013,	89.7178,	-25.3545,	-1.02637,	28.7077,	17.8339,	-62.0662,	49.9496,	69.9759,	15.8676,	-80.0834,	-5.53738,	-36.9698,	-57.3005,	59.7515,	-1.17339,	-13.0279,	31.4328,	-14.5828,	15.8210,	-4.56838,	-10.0079,	-16.3323,	44.9416,	-13.3767,	45.9606,	-23.3380,	-0.516498,	-0.741684,	11.5119,	4.56489,	-37.3501,	23.4975,	8.53725,	28.5821,	22.9876,	-10.5308,	-40.3628,	19.8838,	31.8979,	-3.36513,	-19.7310,	9.74725,	14.2934,	9.00080,	-26.1030,	-0.0371022,	20.4625,	-30.4879,
 	-8.71114,	-1.55728,	12.2408,	6.49902,	-6.75211,	-28.8278,	11.6340,	-43.8699,	-51.5376,	-4.51301,	-39.3140,	-57.0332,	34.0259,	-61.1071,	-2.72383,	-28.4431,	46.4165,	-11.7798,	-50.4676,	-59.3279,	-68.1271,	6.18214,	-7.13271,	-20.0648,	34.7991,	-21.7792,	-15.5364,	-5.56708,	-7.65772,	-41.9337,	20.8635,	-61.0568,	-12.6884,	45.9624,	2.48538,	47.5766,	-61.4655,	-23.1368,	-19.4896,	12.7346,	-23.2819,	12.8157,	2.64909,	55.5997,	-127.722,	41.1605,	1.78019,	-14.0033,	0.674101,	-36.0378,	-2.96976,	-28.2829,	29.1388,	-12.1976,	-7.40538,
 	-49.4317,	12.6233,	3.08483,	35.5651,	101.089,	13.4321,	7.22748,	-5.27680,	-66.1703,	24.9217,	-2.82563,	-28.2454,	-8.60735,	7.26428,	-21.1319,	3.43426,	8.24094,	-37.8236,	-27.5753,	-16.3505,	-48.1677,	46.4029,	-16.8995,	4.86863,	8.98781,	32.8056,	-21.2614,	19.3575,	31.0387,	-4.30875,	-7.26860,	21.1221,	5.14113,	24.2719,	13.6788,	18.6658,	13.0192,	38.5759,	4.90493,	16.8157,	-47.3200,	36.0390,	41.8361,	37.1385,	32.6518,	20.9861,	5.83297,	4.36040,	32.8385,	-24.8658,	16.7374,	36.3015,	8.40750,	43.9122,	-13.2471,
 	70.7123,	1.19153,	73.5926,	11.5433,	39.9733,	45.4966,	34.5220,	27.8414,	67.1620,	1.81856,	15.4745,	23.9601,	-10.7597,	49.7103,	49.3914,	3.61842,	6.97161,	54.2390,	0.869727,	18.6693,	28.4879,	15.8524,	56.0125,	21.8568,	1.54065,	16.2889,	-26.4967,	14.7535,	14.9788,	-10.5928,	-47.1807,	-1.00460,	4.84766,	70.8937,	0.502968,	46.5340,	-5.31744,	-19.2163,	17.5982,	1.32807,	35.9081,	6.62495,	-17.8102,	-27.0190,	64.4015,	33.9324,	-2.24177,	-10.7320,	-43.8569,	42.1809,	-2.33767,	-16.3483,	11.6005,	6.02687,	-6.54163,
 	22.8516,	-1.79549,	-7.23716,	-31.6086,	-73.4298,	-63.3482,	-1.69067,	32.8785,	-30.6223,	-2.37225,	6.14834,	-53.1058,	-46.7897,	-4.90933,	-5.17462,	46.4272,	-36.1138,	-57.9281,	-88.6801,	-56.8599,	-56.6324,	-49.8839,	-72.1203,	0.630373,	2.60885,	36.6862,	15.7929,	9.77990,	1.48030,	47.1293,	30.6397,	-26.4564,	-28.8088,	-34.0680,	-7.68987,	32.7885,	1.51096,	-25.3864,	-33.8007,	13.4527,	-2.09043,	26.0647,	58.8891,	-36.6306,	-172.337,	20.0935,	0.886220,	-10.8789,	-7.92966,	-17.5183,	12.6827,	-56.1438,	15.7227,	-39.3544,	-32.2937,
 	-71.2106,	10.1123,	-48.0931,	26.6765,	-31.7296,	-71.4225,	11.8930,	-45.8184,	-23.0107,	12.5338,	-1.42844,	48.5793,	22.9971,	-60.3373,	19.8562,	-22.3378,	81.6434,	2.48616,	27.4814,	-45.0486,	-23.3468,	41.4458,	-11.9598,	-5.52335,	2.04324,	10.4781,	-5.04859,	-0.555077,	-22.7705,	-34.0356,	34.9588,	19.5552,	27.8999,	73.0864,	-1.28782,	5.07303,	2.57917,	16.0107,	-4.03349,	-0.575469,	18.3406,	13.4441,	2.06710,	-31.7925,	-192.373,	21.0437,	1.07265,	-6.59137,	-13.7415,	-8.26153,	3.30431,	-41.1413,	26.2813,	16.1758,	21.6627,
 	7.42881,	2.60218,	-67.1767,	-3.82720,	-40.0007,	24.3547,	23.5891,	35.5495,	-19.2220,	1.31840,	17.4461,	6.21660,	23.1816,	29.2947,	-8.05292,	-5.16864,	-58.1005,	-23.2468,	-29.4542,	9.78958,	33.2811,	6.51066,	7.63014,	41.6177,	-8.12132,	52.2461,	80.4666,	-0.388822,	-2.82744,	-0.142253,	-19.6004,	-3.83524,	3.22445,	1.21359,	-2.10671,	-10.8826,	6.14707,	14.6476,	-4.79344,	39.8053,	9.32650,	0.350594,	-38.3304,	18.7976,	45.5818,	-3.06380,	-2.70439,	3.90289,	-12.5966,	-15.6783,	-5.01242,	-1.38259,	21.1309,	38.5683,	-14.1579,
 	4.93263,	3.36502,	-24.1044,	-9.70658,	32.1297,	-33.1498,	8.95478,	4.33239,	-59.4317,	-8.58455,	9.89452,	-14.2208,	10.4602,	1.99618,	17.8725,	-17.9988,	3.18978,	-91.8600,	-35.6778,	-37.4058,	17.9043,	38.5019,	12.9420,	-24.6164,	-14.9423,	0.0431352,	26.7465,	3.49914,	-26.5418,	-4.42441,	-26.1346,	35.4971,	1.81992,	31.2900,	-6.97310,	19.8233,	6.87762,	13.3889,	27.6794,	54.6989,	-53.0177,	-4.74596,	46.5487,	55.2686,	25.6112,	-6.10418,	-2.43984,	1.03393,	7.52199,	-11.3660,	-8.03414,	62.8130,	4.75058,	-3.84435,	5.34396,
 	0.907254,	5.03946,	26.2962,	24.3339,	-56.3874,	-28.6935,	-16.3901,	-1.06208,	11.2704,	12.2208,	13.5445,	-34.8866,	-7.80811,	21.0064,	-29.7043,	21.5083,	3.92186,	28.0009,	-25.8647,	-7.23077,	39.4046,	13.1909,	16.3096,	-44.7974,	-9.48084,	-23.6231,	-18.0424,	-16.7725,	-7.81965,	8.60615,	-35.0638,	3.86146,	-8.07197,	36.7997,	2.70985,	-15.8092,	-59.8289,	-27.0396,	-19.6399,	3.18049,	16.5178,	7.01937,	64.6176,	-34.9626,	51.5945,	-3.36397,	2.62557,	-6.39773,	-24.9592,	28.2655,	-0.840172,	-14.4446,	29.8659,	11.9747,	-9.04822,
 	-37.3680,	7.25911,	-20.5820,	-6.19874,	-1.98037,	33.1704,	6.03704,	-96.6425,	-57.7388,	17.5376,	-2.91561,	50.5542,	55.6733,	14.4207,	20.9088,	-15.6480,	-19.9216,	-36.1104,	0.606597,	67.9238,	2.33156,	27.6893,	20.5726,	-21.6241,	5.77347,	4.38624,	20.9790,	0.0281146,	-12.1689,	7.38743,	1.93408,	-34.2355,	-15.1307,	4.06854,	11.1957,	12.0540,	-22.9307,	11.0237,	32.4293,	8.54229,	-10.3063,	-1.19840,	-24.6977,	-31.0538,	25.5427,	5.61010,	2.08342,	48.4737,	-1.19911,	40.0543,	-2.55648,	-24.0026,	12.6339,	-2.34716,	32.7541,
 	27.1424,	9.11026,	3.17031,	2.41154,	54.2777,	-20.3628,	-1.87768,	-15.4291,	-19.5186,	10.8152,	-15.0791,	-30.8685,	-43.1394,	0.497262,	-18.4737,	-14.5530,	26.3371,	-3.71453,	-15.7006,	10.6447,	-60.9287,	21.6916,	-94.1495,	-23.5863,	-1.09071,	1.78749,	17.2658,	9.92103,	24.3038,	-13.3801,	-13.4043,	4.64930,	-16.2153,	-24.6875,	0.277879,	-2.73800,	-54.6095,	1.26116,	-8.59791,	-6.86001,	-42.5065,	-25.8961,	-0.420157,	108.256,	11.2288,	-10.1761,	3.77630,	8.72256,	13.0825,	-16.5810,	-2.16819,	-4.78980,	5.71001,	28.5087,	-1.59078,
 	-36.6675,	12.6159,	-13.7187,	17.8774,	0.309055,	-26.5537,	6.01969,	36.4506,	-83.0134,	15.1146,	32.7059,	28.8954,	18.3815,	-70.5606,	52.8806,	-11.9526,	49.4535,	-5.54609,	-2.96385,	47.0171,	20.3822,	-59.4086,	60.6471,	22.7466,	-5.32715,	-2.03520,	-23.7460,	2.79438,	18.2249,	-33.0832,	-23.6612,	40.2664,	18.2598,	-66.7217,	2.46307,	-11.6892,	17.7188,	32.0199,	13.5159,	13.9376,	-6.36526,	1.02203,	-28.4950,	75.0393,	29.1900,	17.9143,	2.95424,	6.96291,	10.1516,	20.2758,	6.58406,	7.86209,	-22.6417,	12.9079,	37.3734,
 	-23.9283,	1.98710,	-7.62474,	-23.9984,	39.9192,	53.1991,	-13.0476,	2.86933,	-32.3149,	-6.78710,	-12.4667,	-4.32079,	84.2031,	37.6000,	-9.17429,	43.2750,	-12.8014,	50.6821,	10.8068,	-4.88568,	52.5806,	1.45471,	-24.5624,	-25.7378,	0.0688492,	-13.9894,	-12.6932,	17.3079,	-23.0967,	-1.82236,	-11.1414,	-28.1194,	-18.2071,	20.2027,	-3.81676,	-20.7766,	-14.6329,	46.8174,	-40.3539,	-5.46993,	4.06064,	-22.9971,	-31.7453,	12.5575,	19.6655,	-20.1527,	-1.08505,	22.5646,	-26.1499,	-30.3583,	-7.41373,	-15.7776,	23.2602,	26.5099,	-9.54704,
 	-16.7540,	11.8223,	-8.19649,	-3.58190,	19.7536,	60.7347,	-11.4752,	22.9091,	7.94194,	0.755958,	-10.1468,	26.7723,	-25.5081,	25.2278,	-0.639465,	20.2635,	55.3419,	-5.42499,	-48.1861,	29.8970,	16.7047,	-29.3709,	-20.0006,	-11.4719,	6.75535,	-10.6628,	-9.07862,	-2.88838,	-21.0289,	-25.9281,	-36.9783,	24.2245,	-12.8306,	30.1198,	-1.77494,	-22.5959,	-64.1534,	13.3808,	-15.4224,	41.7064,	19.8765,	3.65454,	56.8717,	-17.2827,	70.2848,	-31.0124,	1.12581,	-4.22494,	-2.30503,	21.6820,	-1.69817,	-2.28728,	6.17902,	-3.07600,	-11.0660,
 	36.5250,	9.94232,	23.1206,	-1.66255,	-62.0495,	-15.6579,	-13.5741,	-12.7709,	-59.5817,	-5.93019,	5.39863,	-35.4228,	27.0554,	-26.8141,	37.7244,	36.9688,	-17.4855,	-22.7978,	-29.8294,	8.38480,	-44.1277,	-36.7188,	20.0034,	3.08541,	-8.22880,	1.60040,	-21.8366,	5.38260,	-33.4703,	22.8083,	15.0526,	-84.8849,	13.2099,	60.0980,	-6.13415,	-6.07874,	-50.9782,	44.0724,	-16.8393,	-35.6498,	55.1385,	29.5169,	-17.7780,	-69.9549,	-11.4686,	-12.9041,	0.621264,	36.9472,	1.32492,	14.9713,	-0.206160,	-57.9743,	4.39584,	-8.94810,	-27.5217,
 	7.89392,	6.68342,	33.6222,	-30.8706,	-98.5556,	27.8873,	-28.5946,	11.6892,	12.8793,	-26.8245,	4.57705,	8.53422,	-42.6293,	15.6317,	11.7265,	28.2975,	-16.9655,	-40.0682,	-51.7307,	82.6080,	63.0312,	-19.8934,	24.2169,	2.64370,	0.261377,	3.61513,	-46.5543,	8.01958,	-47.9741,	-11.7965,	-11.5326,	-72.7615,	-17.3902,	66.7218,	-2.33900,	-30.8867,	22.1802,	-23.5231,	0.752466,	9.65560,	55.6020,	-5.49565,	19.3165,	-125.409,	58.4039,	-25.0099,	-1.38229,	19.1768,	6.59037,	-5.77114,	-5.97165,	-14.3954,	32.6871,	-21.4253,	11.7964,
 	43.4697,	-2.47701,	59.1049,	5.80531,	22.8722,	42.9628,	3.41660,	2.29075,	44.9459,	-6.02512,	22.2358,	-21.1541,	20.8474,	26.4333,	-26.2707,	42.1075,	17.1586,	47.2815,	-1.42859,	-36.7130,	-18.8931,	-8.43300,	2.94372,	-9.05295,	9.16232,	15.0129,	4.36976,	-2.90746,	3.34130,	1.21493,	-14.9482,	-4.38896,	-12.0496,	48.3271,	3.87693,	-7.06073,	-0.474435,	41.4131,	-38.7377,	48.0235,	24.0444,	-19.4623,	-3.18636,	40.3242,	64.6311,	-10.5347,	0.500483,	-20.4086,	-26.2932,	15.3244,	-1.63825,	-34.3889,	32.3435,	40.4405,	-2.63679,
 	-3.82643,	19.5817,	-27.4422,	2.82471,	2.86579,	27.7356,	-17.9295,	-20.8040,	-85.2256,	7.33294,	-26.1475,	-32.7872,	-23.2421,	23.1279,	20.6603,	-2.92084,	-8.26992,	-1.34425,	-46.1767,	66.7481,	37.4624,	-36.1077,	-32.8503,	-11.6179,	5.08307,	-24.7256,	5.68660,	-3.98873,	-28.0942,	-32.6760,	21.9773,	27.3738,	-6.20790,	39.0690,	-0.143085,	-9.07386,	-74.5577,	46.4733,	34.8831,	-17.2549,	19.5936,	-9.91805,	102.439,	-15.9301,	-15.2401,	-11.6475,	-0.411259,	-8.42586,	-4.63086,	-3.05258,	-11.3518,	44.2367,	-21.7471,	15.9595,	-25.8261,
 	16.8315,	8.51243,	8.61218,	10.8041,	5.84315,	33.7311,	-4.72077,	3.83747,	-14.1129,	4.65983,	-6.58325,	6.08450,	2.28503,	-16.5138,	27.1872,	29.0865,	29.1505,	-17.9780,	-1.96768,	-21.0641,	12.6763,	24.8537,	-19.0267,	-23.1976,	-1.36021,	15.0305,	10.1346,	15.7033,	17.4886,	2.38681,	-11.9489,	18.8661,	-14.3189,	16.8687,	-0.995176,	-19.6533,	-62.5692,	17.1288,	-12.2591,	30.5992,	-18.2484,	-13.4872,	13.5599,	21.9441,	-12.9049,	-10.3102,	2.89405,	8.61005,	7.07248,	-14.0224,	-2.04088,	-30.4309,	10.9428,	19.0210,	0.449187,
 	-29.7608,	-13.0710,	-31.5760,	-36.6670,	18.7865,	38.5894,	-23.0241,	-9.36735,	53.2192,	-3.15013,	3.90119,	27.2016,	73.0505,	62.6089,	-49.9708,	-10.8156,	10.3531,	-7.23510,	-46.6535,	-4.01954,	22.1783,	-20.1303,	-25.5218,	0.0308855,	-31.1746,	28.3269,	-21.7969,	-29.6396,	10.9056,	18.8362,	-4.09426,	-56.9748,	18.3643,	36.1002,	-2.72040,	12.4703,	15.5717,	1.38785,	-24.0661,	37.6181,	-34.4424,	20.6058,	52.0280,	-14.1481,	-14.2438,	16.3269,	-3.79143,	13.0669,	-19.3100,	11.2426,	4.75038,	-10.8267,	-12.1181,	3.33858,	-24.6189,
 	23.2707,	-8.14916,	17.9848,	-20.8663,	-42.4364,	-41.1515,	-7.86467,	-20.2155,	24.5800,	-15.4861,	20.1916,	2.83685,	-22.8368,	40.3091,	-23.2730,	-37.4427,	-64.2865,	11.8737,	-55.4987,	17.2167,	-5.77586,	-25.5065,	-18.8971,	45.2717,	-9.38248,	24.1173,	25.3396,	-8.83747,	-33.3550,	16.9563,	-27.3564,	-35.4352,	-28.3565,	21.2058,	-13.9567,	-10.4753,	46.7299,	-31.0803,	-19.8141,	-30.1935,	59.1996,	-2.34423,	-35.0277,	-13.2287,	33.0826,	-22.8698,	-5.67318,	-10.0174,	-12.3527,	38.0740,	-5.58576,	8.81590,	-15.1360,	-38.2379,	4.35907,
 	11.7800,	-8.01546,	-44.1055,	6.89651,	14.2123,	23.4378,	-0.305267,	23.9363,	-11.9235,	4.02535,	8.96024,	-46.4060,	56.4099,	23.4641,	-18.1722,	2.20932,	-15.9998,	-95.5319,	40.0738,	-0.947089,	-30.1184,	12.3157,	-16.7572,	42.0013,	-6.58450,	-3.43497,	-36.2089,	-6.28310,	5.22018,	-27.1373,	-11.0160,	11.0831,	-9.13953,	-2.33512,	-2.74293,	26.8208,	6.21017,	-23.1759,	35.4852,	-11.2430,	30.3643,	-3.72367,	43.5979,	-11.6300,	-15.9953,	-5.65898,	1.30688,	-1.21236,	-4.00174,	-22.5433,	7.16428,	-42.7525,	35.3051,	58.8297,	41.5014,
 	4.89541,	-11.6255,	-1.00138,	-15.3636,	-22.7321,	-9.41638,	15.0354,	-9.69665,	-15.7104,	5.64424,	13.1398,	23.4802,	-7.38052,	47.1298,	7.09551,	1.29443,	-3.18003,	25.7451,	-19.6118,	-50.5832,	-17.5893,	18.4063,	31.9571,	-26.6123,	2.01789,	-14.7944,	7.63190,	21.4717,	-34.0899,	3.48411,	-10.6373,	8.15578,	4.10543,	0.259080,	6.79700,	-5.51407,	28.5079,	-11.9518,	25.5125,	5.07227,	-5.12395,	-47.0716,	-17.6643,	-20.4940,	-0.790939,	31.9555,	-0.671288,	-2.33491,	18.5921,	-8.97531,	-15.2742,	30.1110,	9.45812,	-35.2084,	-5.91875,
 	30.5954,	6.36308,	25.3600,	-3.60166,	10.6697,	49.4325,	-5.74290,	-11.2629,	7.87008,	0.213424,	-3.78111,	8.48383,	8.82583,	1.80434,	35.5176,	25.9768,	-10.4920,	-14.9800,	-65.4535,	-12.4102,	14.0752,	20.4844,	-12.7604,	5.90443,	-3.08122,	48.0179,	15.0618,	18.8078,	11.1549,	20.6624,	-26.3551,	17.6862,	-37.7100,	30.6343,	-6.29687,	-21.3186,	-36.0362,	11.9530,	-27.2126,	36.1152,	18.5963,	-7.88330,	0.233363,	24.0780,	-3.47161,	-27.6976,	-0.120006,	0.836904,	3.43642,	13.7841,	-0.0437812,	-6.84153,	7.53224,	0.830406,	-1.51889,
 	4.93672,	11.4990,	-7.98557,	2.34887,	5.97251,	-1.31911,	-0.724092,	4.06478,	4.77756,	-1.31547,	-0.496318,	2.56040,	0.0672056,	0.941068,	-4.38814,	1.51217,	1.29639,	-3.43637,	-3.68617,	-3.96088,	2.84198,	-0.929533,	3.12604,	0.0790335,	3.25116,	-0.818651,	0.764641,	-30.6089,	0.395910,	0.294659,	-3.35117,	1.08654,	-0.214784,	3.17544,	-1.09224,	17.9933,	-1.06042,	-1.21534,	-0.900909,	0.813631,	2.42956,	-7.89885,	0.853160,	-4.09125,	3.94104,	-1.78000,	0.104093,	0.00602079,	-22.3857,	0.0184114,	-4.66641,	-1.37339,	-3.24870,	3.15930,	1.35389,
 	5.06538,	11.5356,	-7.86820,	2.42168,	5.90306,	-1.26612,	-0.735534,	4.00028,	4.87394,	-1.19166,	-0.468775,	2.54686,	0.107478,	0.997464,	-4.32261,	1.57560,	1.39971,	-3.48171,	-3.68839,	-3.89798,	2.85363,	-0.852446,	3.09540,	0.0774238,	3.29462,	-0.813987,	0.786566,	-30.6107,	0.235496,	0.363988,	-3.29466,	1.01422,	-0.197837,	2.99824,	-0.944179,	17.9170,	-1.01661,	-1.28230,	-0.926137,	0.773686,	2.40415,	-7.77830,	0.900068,	-4.12121,	4.06877,	-1.69175,	0.0621687,	0.00304748,	-22.2276,	0.122976,	-4.69837,	-1.37624,	-3.35723,	3.21184,	1.32368)
 b.b = VectorD(26.5836,	-6.26823,	-62.4593,	-17.4610,	-81.8983,	-53.2149,	-16.5938,	17.1714,	-99.8376,	-27.4117,	28.3528,	27.4314,	2.37720,	-29.9556,	-29.1556,	-18.4915,	21.0045,	-5.44979,	-49.7259,	-143.174,	-70.4144,	4.81962,	-38.5551,	19.7710,	-29.2045,	-15.2285,	102.038,	0.0724049,	-29.6219,	-19.4597,	-16.4390,	-5.20721,	-12.7677,	-34.0788,	-19.3064,	-42.2175,	3.49449,	-13.5826,	-36.3301,	-28.3947,	-62.7369,	-38.7655,	-20.6576,	92.6632,	-0.862899,	-31.7407,	-9.38717,	-7.62160,	-16.9093,	-0.413078,	-29.3346,	-23.4292,	-29.6485,	-21.2307,	33.8175), b.w =
MatrixD (-23.1624,
 	-2.97184,
 	-11.5950,
 	-24.1787,
 	-18.2821,
 	-16.7546,
 	-16.2845,
 	-31.8359,
 	-18.1948,
 	-7.23351,
 	-53.7684,
 	-15.8276,
 	26.0166,
 	-20.7031,
 	-8.68560,
 	-14.2875,
 	17.1187,
 	-21.9999,
 	-20.1337,
 	-20.6432,
 	-12.0724,
 	-15.4875,
 	-18.9940,
 	-13.6965,
 	-52.8333,
 	-10.1270,
 	11.0282,
 	-5.15118,
 	-8.79629,
 	-12.9675,
 	8.24195,
 	-10.8643,
 	-8.44597,
 	-18.0742,
 	-18.5945,
 	-24.5790,
 	-25.4189,
 	-15.6573,
 	-13.1046,
 	-15.2315,
 	-11.9110,
 	-24.5943,
 	-18.7476,
 	15.8333,
 	-26.5004,
 	-10.4989,
 	-16.8738,
 	-24.3269,
 	3.61781,
 	-12.5187,
 	-37.3782,
 	-13.3770,
 	15.1975,
 	-13.9504,
 	8.23524)
 b.b = VectorD(23.2937))
    ----------------------------------------------------------------------------
    fitMap     qof =
		rSq 	 -> VectorD(0.365853)
		rSqBar 	 -> VectorD(0.364984)
		sst 	 -> VectorD(2.07431e+08)
		sse 	 -> VectorD(1.31542e+08)
		sde 	 -> VectorD(81.4834)
		mse0 	 -> VectorD(6665.41)
		rmse 	 -> VectorD(81.6419)
		mae 	 -> VectorD(46.7254)
		smape 	 -> VectorD(46.9289)
		m 	 -> VectorD(19735.0)
		dfm 	 -> VectorD(27.0000)
		df 	 -> VectorD(19708.0)
		fStat 	 -> VectorD(421.110)
		aic 	 -> VectorD(-114827)
		bic 	 -> VectorD(-114606)
		mape 	 -> VectorD(53.3303)
		mase 	 -> VectorD(1.61638)
		smapeC 	 -> VectorD(46.9318)
		picp 	 -> VectorD(-1.00000)
		pinc 	 -> VectorD(-1.00000)
		ace 	 -> VectorD(-1.00000)
		pinaw 	 -> VectorD(-1.00000)
		iscore 	 -> VectorD(-1.00000)
		wis 	 -> VectorD(-1.00000)

    ----------------------------------------------------------------------------

Run + title
Run + title
---------------------------------------------
| Small Example - NeuralNet_XL: trainNtest2 |
---------------------------------------------
auto_optimize: etaI = (2.5E-4,0.004)
optimize3: bSize = 6, nB = 3289

Process finished with exit code 0
