[info] welcome to sbt 1.11.4 (Oracle Corporation Java 24.0.2)
[info] loading project definition from /mnt/c/Libs/scalation_2.0/project
[info] loading settings for project scalation from build.sbt...
[info] set current project to scalation (in build file:/mnt/c/Libs/scalation_2.0/)
[info] running (fork) project2.NeuralNetworkXLAutoMPG 
[error] WARNING: A terminally deprecated method in sun.misc.Unsafe has been called
[error] WARNING: sun.misc.Unsafe::objectFieldOffset has been called by scala.runtime.LazyVals$ (file:/mnt/c/Libs/scalation_2.0/target/bg-jobs/sbt_23094d22/target/21dbe174/563b310f/scala3-library_3-3.7.2.jar)
[error] WARNING: Please consider reporting this to the maintainers of class scala.runtime.LazyVals$
[error] WARNING: sun.misc.Unsafe::objectFieldOffset will be removed in a future release
[info] ---------------------------------------------
[info] | Small Example - NeuralNet_XL: trainNtest2 |
[info] ---------------------------------------------
[info] auto_optimize: etaI = (2.5E-4,0.004)
[info] optimize: bSize = 6, nB = 65
[info] auto_optimize: eta = 2.5E-4, result = (15.797902508994545,400)
[info] auto_optimize: b = Array(b.w = 
[info] MatrixD (0.276820,	0.231715,	0.0428620,	0.246420,	0.137761,	0.0435397,	0.201492,	0.369733,	0.347417,	0.321558,	0.168415,	0.0212744,	0.0907004,	0.234254,	0.291859,
[info]  	0.301181,	0.359428,	0.137980,	0.182245,	0.152159,	0.223314,	0.189551,	0.0927729,	0.0665223,	0.00306218,	0.203594,	0.260351,	0.0524731,	0.0226096,	0.343246,
[info]  	0.152822,	0.343449,	0.293334,	0.0605452,	0.264823,	0.0451953,	0.0864894,	0.330249,	0.0288033,	0.281793,	0.00393271,	0.159177,	0.200288,	0.139942,	0.0541166,
[info]  	0.240823,	0.0455433,	0.221474,	0.196287,	0.115299,	0.0924597,	0.196942,	0.359015,	0.277603,	0.213178,	0.289798,	0.315015,	0.174588,	0.363013,	0.0935810,
[info]  	0.365976,	0.202310,	0.126038,	0.284803,	0.0591589,	0.0112325,	0.139669,	0.303538,	0.164463,	0.00894056,	0.0167078,	0.148002,	0.153736,	0.230369,	0.214668,
[info]  	0.268817,	0.134053,	0.239097,	0.317893,	0.302276,	0.368068,	0.352021,	0.156032,	0.367574,	0.0457553,	0.124678,	0.339564,	0.203022,	0.0142073,	0.121004,
[info]  	0.370489,	0.247363,	0.191623,	0.0794535,	0.242808,	0.0336698,	0.232147,	0.0747885,	0.219552,	0.195793,	0.120091,	0.0984848,	0.257796,	0.234388,	0.161055) 
[info]  b.b = VectorD(0.187821,	0.154393,	0.0233216,	0.164967,	0.0902925,	0.0252914,	0.134849,	0.247848,	0.232707,	0.216402,	0.108858,	0.00776407,	0.0572232,	0.156503,	0.194658), b.w = 
[info] MatrixD (0.185806,	0.153865,	0.0270074,	0.163167,	0.0908195,	0.0252910,	0.133134,
[info]  	0.248351,	0.231814,	0.221251,	0.109582,	0.0121714,	0.0615477,	0.156136,
[info]  	0.196393,	0.203284,	0.245265,	0.0905021,	0.121559,	0.103034,	0.148254,
[info]  	0.125704,	0.0590172,	0.0438180,	-0.00185851,	0.134831,	0.175814,	0.0307287,
[info]  	0.0126129,	0.230774,	0.103470,	0.231962,	0.197194,	0.0383866,	0.178136,
[info]  	0.0283124,	0.0571064,	0.224331,	0.0172755,	0.190648,	-0.000172921,	0.106751,
[info]  	0.133042,	0.0919865,	0.0350132,	0.161777,	0.0281501,	0.147592,	0.129871,
[info]  	0.0740261,	0.0566087,	0.136688,	0.240245,	0.186320,	0.147205,	0.192459,
[info]  	0.211538,	0.113978,	0.246263,	0.0597384,	0.247004,	0.136614,	0.0841244,
[info]  	0.191459,	0.0377014,	0.0120772,	0.0923980,	0.207639,	0.116647,	0.00385422,
[info]  	0.0100771,	0.100238,	0.109547,	0.155367,	0.147384,	0.186886,	0.0908781,
[info]  	0.163876,	0.215996,	0.208839,	0.251240,	0.239987,	0.109045,	0.250976,
[info]  	0.0311110,	0.0864819,	0.233531,	0.139324,	0.00903576,	0.0821531,	0.250640,
[info]  	0.166603,	0.129876,	0.0579854,	0.163460,	0.0238773,	0.161074,	0.0498552,
[info]  	0.148287,	0.130880,	0.0872214,	0.0663712,	0.176579,	0.162823,	0.108591) 
[info]  b.b = VectorD(0.272877,	0.225952,	0.0378544,	0.239578,	0.132716,	0.0352068,	0.195333), b.w = 
[info] MatrixD (0.0746716,
[info]  	0.0334916,
[info]  	-0.149805,
[info]  	0.0431001,
[info]  	-0.0632714,
[info]  	-0.154473,
[info]  	0.00584635) 
[info]  b.b = VectorD(0.531178))
[info] optimize: bSize = 6, nB = 65
[info] auto_optimize: eta = 4.84375E-4, result = (15.518272214912786,400)
[info] auto_optimize: b = Array(b.w = 
[info] MatrixD (0.276723,	0.232662,	0.0458673,	0.248143,	0.138896,	0.0465117,	0.202670,	0.370428,	0.349814,	0.322475,	0.171317,	0.0238569,	0.0937701,	0.235482,	0.293396,
[info]  	0.301085,	0.360354,	0.140684,	0.183872,	0.153180,	0.225962,	0.190602,	0.0936829,	0.0687376,	0.00398822,	0.206360,	0.262732,	0.0551585,	0.0237767,	0.344781,
[info]  	0.152770,	0.343992,	0.295125,	0.0615876,	0.265502,	0.0470018,	0.0872025,	0.330633,	0.0302490,	0.282324,	0.00566145,	0.160730,	0.202127,	0.140663,	0.0550185,
[info]  	0.240750,	0.0462805,	0.223775,	0.197627,	0.116173,	0.0947520,	0.197844,	0.359599,	0.279458,	0.213893,	0.292039,	0.317011,	0.176920,	0.363947,	0.0947826,
[info]  	0.366103,	0.201130,	0.123847,	0.283160,	0.0583578,	0.00931557,	0.138889,	0.301293,	0.162525,	0.00760778,	0.0135792,	0.145818,	0.151990,	0.229038,	0.212568,
[info]  	0.269093,	0.131711,	0.234403,	0.314549,	0.300549,	0.363901,	0.350306,	0.152010,	0.363462,	0.0431871,	0.118434,	0.335077,	0.199007,	0.0115081,	0.116895,
[info]  	0.370671,	0.245290,	0.187103,	0.0762604,	0.241156,	0.0294543,	0.230503,	0.0712725,	0.215768,	0.193495,	0.114271,	0.0940787,	0.253968,	0.231975,	0.157403) 
[info]  b.b = VectorD(0.188025,	0.152691,	0.0207760,	0.162812,	0.0893755,	0.0232548,	0.133991,	0.244138,	0.230300,	0.214450,	0.104627,	0.00506731,	0.0554704,	0.154672,	0.191581), b.w = 
[info] MatrixD (0.187665,	0.154666,	0.0222114,	0.164282,	0.0885921,	0.0182037,	0.133219,
[info]  	0.249078,	0.232030,	0.220205,	0.109983,	0.0112911,	0.0595685,	0.156124,
[info]  	0.197318,	0.203655,	0.243123,	0.0910473,	0.120453,	0.0997317,	0.148283,
[info]  	0.127074,	0.0595795,	0.0405626,	-0.00104907,	0.133215,	0.170893,	0.0307779,
[info]  	0.0140420,	0.231401,	0.0996993,	0.232823,	0.195487,	0.0328536,	0.178206,
[info]  	0.0293631,	0.0575724,	0.221558,	0.0179079,	0.189425,	-0.00421819,	0.106806,
[info]  	0.134746,	0.0927401,	0.0304703,	0.162806,	0.0261208,	0.140959,	0.129957,
[info]  	0.0747525,	0.0567953,	0.135930,	0.240632,	0.185467,	0.145551,	0.192434,
[info]  	0.213381,	0.114782,	0.241455,	0.0608460,	0.244815,	0.129566,	0.0842125,
[info]  	0.191634,	0.0376366,	0.0128240,	0.0924518,	0.207416,	0.117146,	0.00379748,
[info]  	0.00999555,	0.100064,	0.110960,	0.155266,	0.147480,	0.188357,	0.0908103,
[info]  	0.164683,	0.216290,	0.207248,	0.251702,	0.239045,	0.106445,	0.250989,
[info]  	0.0325940,	0.0871611,	0.229351,	0.140229,	0.00725063,	0.0761298,	0.250726,
[info]  	0.167134,	0.130006,	0.0574419,	0.163743,	0.0232190,	0.159825,	0.0498334,
[info]  	0.148919,	0.131049,	0.0864822,	0.0667114,	0.175819,	0.161281,	0.108571) 
[info]  b.b = VectorD(0.275935,	0.227331,	0.0294834,	0.241430,	0.129098,	0.0232313,	0.195498), b.w = 
[info] MatrixD (0.0757399,
[info]  	0.0323883,
[info]  	-0.158608,
[info]  	0.0415699,
[info]  	-0.0700256,
[info]  	-0.177077,
[info]  	0.00528477) 
[info]  b.b = VectorD(0.555533))
[info] optimize: bSize = 6, nB = 65
[info] auto_optimize: eta = 7.1875E-4, result = (15.143230325163781,400)
[info] auto_optimize: b = Array(b.w = 
[info] MatrixD (0.276609,	0.233798,	0.0493246,	0.250146,	0.140171,	0.0496502,	0.204077,	0.371254,	0.352498,	0.323651,	0.174804,	0.0269082,	0.0971360,	0.237047,	0.295245,
[info]  	0.300972,	0.361471,	0.143811,	0.185767,	0.154328,	0.228774,	0.191858,	0.0947752,	0.0712288,	0.00517985,	0.209703,	0.265559,	0.0581144,	0.0252717,	0.346638,
[info]  	0.152708,	0.344649,	0.297196,	0.0628077,	0.266269,	0.0489198,	0.0880586,	0.331099,	0.0318797,	0.283011,	0.00775372,	0.162576,	0.204154,	0.141588,	0.0561133,
[info]  	0.240662,	0.0471685,	0.226430,	0.199190,	0.117157,	0.0971821,	0.198923,	0.360299,	0.281544,	0.214812,	0.294743,	0.319376,	0.179483,	0.365141,	0.0962337,
[info]  	0.366246,	0.199678,	0.121250,	0.281235,	0.0574504,	0.00722612,	0.137964,	0.298576,	0.160317,	0.00588370,	0.00972754,	0.143169,	0.150027,	0.227312,	0.210000,
[info]  	0.269414,	0.128776,	0.228745,	0.310543,	0.298547,	0.359278,	0.348218,	0.147054,	0.358667,	0.0398041,	0.110621,	0.329531,	0.194413,	0.00795238,	0.111780,
[info]  	0.370885,	0.242705,	0.181687,	0.0724493,	0.239252,	0.0248186,	0.228509,	0.0669435,	0.211379,	0.190477,	0.107008,	0.0886717,	0.249610,	0.228805,	0.152863) 
[info]  b.b = VectorD(0.188251,	0.150598,	0.0177367,	0.160296,	0.0883421,	0.0210073,	0.132987,	0.239663,	0.227558,	0.211934,	0.0994154,	0.00178480,	0.0534825,	0.152304,	0.187828), b.w = 
[info] MatrixD (0.189582,	0.155470,	0.0166669,	0.165389,	0.0859985,	0.00952118,	0.133296,
[info]  	0.249831,	0.232253,	0.218953,	0.110385,	0.0102692,	0.0572746,	0.156112,
[info]  	0.198221,	0.204002,	0.240838,	0.0915578,	0.119236,	0.0960338,	0.148305,
[info]  	0.128458,	0.0601296,	0.0369091,	-0.000262700,	0.131376,	0.165087,	0.0308204,
[info]  	0.0155053,	0.232025,	0.0953791,	0.233673,	0.193511,	0.0261250,	0.178270,
[info]  	0.0303924,	0.0580116,	0.218571,	0.0185028,	0.188074,	-0.00885849,	0.106851,
[info]  	0.136488,	0.0934881,	0.0252809,	0.163818,	0.0237757,	0.132897,	0.130036,
[info]  	0.0754825,	0.0569773,	0.135100,	0.241006,	0.184514,	0.143839,	0.192406,
[info]  	0.215240,	0.115567,	0.236061,	0.0619207,	0.242321,	0.121159,	0.0842902,
[info]  	0.191823,	0.0375809,	0.0136241,	0.0925124,	0.207160,	0.117945,	0.00374346,
[info]  	0.00986042,	0.0998676,	0.112758,	0.155137,	0.147675,	0.190689,	0.0907411,
[info]  	0.165479,	0.216570,	0.205532,	0.252141,	0.237999,	0.103561,	0.250997,
[info]  	0.0340578,	0.0878074,	0.224777,	0.141088,	0.00525455,	0.0690606,	0.250800,
[info]  	0.167670,	0.130134,	0.0568249,	0.164020,	0.0224756,	0.158506,	0.0498104,
[info]  	0.149547,	0.131211,	0.0856881,	0.0670372,	0.174976,	0.159688,	0.108550) 
[info]  b.b = VectorD(0.279011,	0.228674,	0.0201411,	0.243224,	0.124993,	0.00891090,	0.195646), b.w = 
[info] MatrixD (0.0776397,
[info]  	0.0317701,
[info]  	-0.169054,
[info]  	0.0405928,
[info]  	-0.0773733,
[info]  	-0.202664,
[info]  	0.00490526) 
[info]  b.b = VectorD(0.580331))
[info] optimize: bSize = 6, nB = 65
[info] auto_optimize: eta = 9.53125E-4, result = (14.665221754973171,400)
[info] auto_optimize: b = Array(b.w = 
[info] MatrixD (0.276436,	0.235148,	0.0532854,	0.252459,	0.141546,	0.0529367,	0.205712,	0.372236,	0.355484,	0.325140,	0.179012,	0.0304856,	0.100795,	0.239014,	0.297462,
[info]  	0.300802,	0.362808,	0.147416,	0.187965,	0.155571,	0.231738,	0.193317,	0.0960874,	0.0740140,	0.00669609,	0.213765,	0.268895,	0.0613428,	0.0271585,	0.348878,
[info]  	0.152607,	0.345437,	0.299585,	0.0642306,	0.267100,	0.0509418,	0.0890592,	0.331666,	0.0337102,	0.283890,	0.0103021,	0.164755,	0.206371,	0.142759,	0.0574410,
[info]  	0.240526,	0.0482270,	0.229483,	0.201003,	0.118220,	0.0997380,	0.200178,	0.361139,	0.283876,	0.215981,	0.298022,	0.322161,	0.182280,	0.366646,	0.0979827,
[info]  	0.366440,	0.197913,	0.118171,	0.278989,	0.0564568,	0.00495833,	0.136900,	0.295285,	0.157818,	0.00367465,	0.00494672,	0.139970,	0.147833,	0.225108,	0.206859,
[info]  	0.269879,	0.125150,	0.221930,	0.305764,	0.296318,	0.354166,	0.345758,	0.140944,	0.353105,	0.0353919,	0.100759,	0.322715,	0.189188,	0.00333633,	0.105414,
[info]  	0.371202,	0.239517,	0.175202,	0.0679196,	0.237136,	0.0197448,	0.226160,	0.0616067,	0.206311,	0.186549,	0.0978702,	0.0820661,	0.244681,	0.224696,	0.147219) 
[info]  b.b = VectorD(0.188552,	0.148069,	0.0141256,	0.157384,	0.0872250,	0.0185485,	0.131863,	0.234277,	0.224471,	0.208732,	0.0929556,	-0.00217610,	0.0512563,	0.149296,	0.183264), b.w = 
[info] MatrixD (0.191568,	0.156283,	0.0102132,	0.166498,	0.0829761,	-0.00111630,	0.133368,
[info]  	0.250613,	0.232483,	0.217475,	0.110790,	0.00909022,	0.0546928,	0.156100,
[info]  	0.199097,	0.204325,	0.238432,	0.0920340,	0.117914,	0.0920206,	0.148320,
[info]  	0.129860,	0.0606729,	0.0328015,	0.000507426,	0.129291,	0.158297,	0.0308587,
[info]  	0.0170141,	0.232652,	0.0903943,	0.234518,	0.191222,	0.0179444,	0.178330,
[info]  	0.0314102,	0.0584325,	0.215336,	0.0190703,	0.186582,	-0.0141449,	0.106893,
[info]  	0.138280,	0.0942380,	0.0193157,	0.164824,	0.0210660,	0.123109,	0.130109,
[info]  	0.0762115,	0.0571537,	0.134236,	0.241368,	0.183465,	0.142240,	0.192379,
[info]  	0.217125,	0.116340,	0.229983,	0.0629723,	0.239486,	0.111176,	0.0843607,
[info]  	0.192018,	0.0375307,	0.0145398,	0.0925762,	0.206884,	0.119272,	0.00369306,
[info]  	0.00965028,	0.0996412,	0.115138,	0.154970,	0.148034,	0.194408,	0.0906719,
[info]  	0.166263,	0.216836,	0.203718,	0.252558,	0.236856,	0.100494,	0.251001,
[info]  	0.0355050,	0.0884240,	0.219756,	0.141905,	0.00302811,	0.0608138,	0.250861,
[info]  	0.168205,	0.130257,	0.0561716,	0.164286,	0.0216510,	0.157257,	0.0497848,
[info]  	0.150167,	0.131364,	0.0848853,	0.0673476,	0.174058,	0.158215,	0.108528) 
[info]  b.b = VectorD(0.282111,	0.229986,	0.00967349,	0.244965,	0.120342,	-0.00817362,	0.195777), b.w = 
[info] MatrixD (0.0798017,
[info]  	0.0310869,
[info]  	-0.181960,
[info]  	0.0395873,
[info]  	-0.0859902,
[info]  	-0.232480,
[info]  	0.00416534) 
[info]  b.b = VectorD(0.604886))
[info] optimize: bSize = 6, nB = 65
[info] auto_optimize: eta = 0.0011875, result = (14.003356134620503,400)
[info] auto_optimize: b = Array(b.w = 
[info] MatrixD (0.276122,	0.236716,	0.0577748,	0.255097,	0.142929,	0.0563093,	0.207532,	0.373386,	0.358751,	0.326999,	0.184098,	0.0346188,	0.104698,	0.241440,	0.300096,
[info]  	0.300503,	0.364378,	0.151540,	0.190487,	0.156831,	0.234809,	0.194944,	0.0976575,	0.0770846,	0.00860653,	0.218727,	0.272787,	0.0648092,	0.0295063,	0.351570,
[info]  	0.152423,	0.346373,	0.302331,	0.0658792,	0.267953,	0.0530447,	0.0901902,	0.332359,	0.0357478,	0.285010,	0.0134297,	0.167315,	0.208764,	0.144227,	0.0590511,
[info]  	0.240282,	0.0494720,	0.232972,	0.203087,	0.119301,	0.102384,	0.201586,	0.362145,	0.286453,	0.217456,	0.302018,	0.325407,	0.185282,	0.368518,	0.100084,
[info]  	0.366748,	0.195807,	0.114542,	0.276397,	0.0554442,	0.00253139,	0.135737,	0.291300,	0.155033,	0.000863856,	-0.00104513,	0.136145,	0.145421,	0.222322,	0.203022,
[info]  	0.270623,	0.120664,	0.213652,	0.300058,	0.293926,	0.348518,	0.342935,	0.133324,	0.346655,	0.0296079,	0.0880814,	0.314279,	0.183255,	-0.00266453,	0.0974107,
[info]  	0.371754,	0.235629,	0.167440,	0.0625638,	0.234922,	0.0142441,	0.223500,	0.0549983,	0.200516,	0.181446,	0.0862212,	0.0740311,	0.239166,	0.219400,	0.140179) 
[info]  b.b = VectorD(0.188994,	0.145052,	0.00983397,	0.154043,	0.0860843,	0.0158810,	0.130664,	0.227780,	0.221044,	0.204672,	0.0848537,	-0.00693582,	0.0487883,	0.145499,	0.177702), b.w = 
[info] MatrixD (0.193649,	0.157119,	0.00256452,	0.167624,	0.0794211,	-0.0143106,	0.133433,
[info]  	0.251432,	0.232725,	0.215690,	0.111204,	0.00771652,	0.0517751,	0.156088,
[info]  	0.199946,	0.204624,	0.235903,	0.0924791,	0.116481,	0.0877749,	0.148328,
[info]  	0.131288,	0.0612102,	0.0281084,	0.00126433,	0.126905,	0.150318,	0.0308870,
[info]  	0.0185859,	0.233291,	0.0845210,	0.235370,	0.188536,	0.00785890,	0.178382,
[info]  	0.0324186,	0.0588317,	0.211755,	0.0196092,	0.184906,	-0.0202137,	0.106920,
[info]  	0.140137,	0.0949959,	0.0123338,	0.165830,	0.0179013,	0.111094,	0.130172,
[info]  	0.0769377,	0.0573231,	0.133341,	0.241718,	0.182311,	0.140933,	0.192348,
[info]  	0.219045,	0.117107,	0.223021,	0.0640073,	0.236232,	0.0992295,	0.0844182,
[info]  	0.192215,	0.0374828,	0.0156103,	0.0926409,	0.206590,	0.121389,	0.00364432,
[info]  	0.00933477,	0.0993682,	0.118357,	0.154749,	0.148636,	0.200279,	0.0905965,
[info]  	0.167030,	0.217082,	0.201795,	0.252948,	0.235602,	0.0973423,	0.250996,
[info]  	0.0369495,	0.0890222,	0.214173,	0.142694,	0.000533704,	0.0511607,	0.250914,
[info]  	0.168740,	0.130377,	0.0554980,	0.164545,	0.0207475,	0.156237,	0.0497612,
[info]  	0.150774,	0.131506,	0.0840929,	0.0676412,	0.173063,	0.157052,	0.108502) 
[info]  b.b = VectorD(0.285248,	0.231280,	-0.00216326,	0.246670,	0.115066,	-0.0285912,	0.195894), b.w = 
[info] MatrixD (0.0828728,
[info]  	0.0309871,
[info]  	-0.197115,
[info]  	0.0391719,
[info]  	-0.0954314,
[info]  	-0.267037,
[info]  	0.00371266) 
[info]  b.b = VectorD(0.629404))
[info] optimize: bSize = 6, nB = 65
[info] auto_optimize: eta = 0.001421875, result = (13.103591245953616,400)
[info] auto_optimize: b = Array(b.w = 
[info] MatrixD (0.275565,	0.238532,	0.0628464,	0.258065,	0.144210,	0.0596939,	0.209470,	0.374739,	0.362271,	0.329316,	0.190288,	0.0393845,	0.108777,	0.244412,	0.303223,
[info]  	0.299975,	0.366212,	0.156240,	0.193341,	0.158002,	0.237922,	0.196673,	0.0995409,	0.0804132,	0.0110091,	0.224839,	0.277313,	0.0684551,	0.0324057,	0.354802,
[info]  	0.152083,	0.347481,	0.305481,	0.0677693,	0.268755,	0.0551886,	0.0914099,	0.333215,	0.0379838,	0.286438,	0.0173105,	0.170316,	0.211299,	0.146058,	0.0610088,
[info]  	0.239841,	0.0509259,	0.236942,	0.205454,	0.120307,	0.105064,	0.203089,	0.363354,	0.289257,	0.219311,	0.306929,	0.329181,	0.188441,	0.370830,	0.102607,
[info]  	0.367230,	0.193304,	0.110262,	0.273448,	0.0544797,	-2.45833e-05,	0.134531,	0.286459,	0.151990,	-0.00271897,	-0.00864374,	0.131563,	0.142818,	0.218814,	0.198322,
[info]  	0.271877,	0.115157,	0.203586,	0.293314,	0.291557,	0.342356,	0.339867,	0.123776,	0.339282,	0.0220088,	0.0715407,	0.303837,	0.176632,	-0.0104332,	0.0873086,
[info]  	0.372712,	0.230909,	0.158135,	0.0563022,	0.232775,	0.00836799,	0.220635,	0.0467685,	0.193982,	0.174793,	0.0711597,	0.0642370,	0.233098,	0.212592,	0.131356) 
[info]  b.b = VectorD(0.189635,	0.141489,	0.00475672,	0.150282,	0.0850028,	0.0130465,	0.129474,	0.219930,	0.217335,	0.199529,	0.0745877,	-0.0126420,	0.0461298,	0.140740,	0.170924), b.w = 
[info] MatrixD (0.195804,	0.157966,	-0.00650670,	0.168752,	0.0752441,	-0.0305922,	0.133483,
[info]  	0.252269,	0.232971,	0.213594,	0.111618,	0.00613497,	0.0486506,	0.156075,
[info]  	0.200743,	0.204890,	0.233343,	0.0928807,	0.114963,	0.0836187,	0.148325,
[info]  	0.132720,	0.0617337,	0.0227792,	0.00199821,	0.124192,	0.141110,	0.0309017,
[info]  	0.0202152,	0.233938,	0.0775638,	0.236225,	0.185377,	-0.00456116,	0.178421,
[info]  	0.0334198,	0.0592133,	0.207760,	0.0201233,	0.183020,	-0.0271381,	0.106933,
[info]  	0.142047,	0.0957559,	0.00414060,	0.166831,	0.0142065,	0.0964073,	0.130218,
[info]  	0.0776276,	0.0574728,	0.132552,	0.242039,	0.181088,	0.140411,	0.192314,
[info]  	0.220982,	0.117859,	0.215060,	0.0650161,	0.232513,	0.0850871,	0.0844578,
[info]  	0.192391,	0.0374311,	0.0169916,	0.0926974,	0.206323,	0.124836,	0.00360158,
[info]  	0.00887044,	0.0990358,	0.122881,	0.154458,	0.149635,	0.209604,	0.0905230,
[info]  	0.167757,	0.217301,	0.199856,	0.253304,	0.234262,	0.0944491,	0.250981,
[info]  	0.0383713,	0.0895910,	0.207974,	0.143443,	-0.00225482,	0.0399966,	0.250950,
[info]  	0.169242,	0.130482,	0.0549313,	0.164782,	0.0197975,	0.155870,	0.0497358,
[info]  	0.151338,	0.131626,	0.0834576,	0.0679047,	0.172031,	0.156695,	0.108474) 
[info]  b.b = VectorD(0.288354,	0.232519,	-0.0154876,	0.248297,	0.109111,	-0.0527131,	0.195974), b.w = 
[info] MatrixD (0.0860656,
[info]  	0.0307803,
[info]  	-0.215417,
[info]  	0.0385840,
[info]  	-0.106481,
[info]  	-0.307945,
[info]  	0.00289820) 
[info]  b.b = VectorD(0.652974))
[info] optimize: bSize = 6, nB = 65
[info] auto_optimize: eta = 0.00165625, result = (11.880217209982392,400)
[info] auto_optimize: b = Array(b.w = 
[info] MatrixD (0.274583,	0.240548,	0.0683917,	0.261272,	0.145130,	0.0628817,	0.211321,	0.376281,	0.365877,	0.332129,	0.197723,	0.0446856,	0.112792,	0.247928,	0.306835,
[info]  	0.299067,	0.368289,	0.161468,	0.196457,	0.158873,	0.240911,	0.198332,	0.101768,	0.0838688,	0.0139801,	0.232315,	0.282444,	0.0720918,	0.0358957,	0.358613,
[info]  	0.151462,	0.348755,	0.309015,	0.0698699,	0.269345,	0.0572613,	0.0925961,	0.334269,	0.0403446,	0.288237,	0.0221188,	0.173748,	0.213848,	0.148289,	0.0633576,
[info]  	0.239063,	0.0525860,	0.241373,	0.208061,	0.121057,	0.107647,	0.204546,	0.364801,	0.292196,	0.221620,	0.312955,	0.333474,	0.191607,	0.373626,	0.105599,
[info]  	0.367942,	0.190422,	0.105322,	0.270223,	0.0537015,	-0.00258401,	0.133405,	0.280658,	0.148824,	-0.00721729,	-0.0182364,	0.126189,	0.140153,	0.214488,	0.192654,
[info]  	0.273990,	0.108565,	0.191500,	0.285552,	0.289623,	0.335880,	0.336868,	0.111878,	0.331140,	0.0120870,	0.0498251,	0.291094,	0.169536,	-0.0203688,	0.0746362,
[info]  	0.374294,	0.225312,	0.147164,	0.0492205,	0.231032,	0.00236541,	0.217839,	0.0366183,	0.186907,	0.166206,	0.0516988,	0.0524944,	0.226722,	0.203980,	0.120422) 
[info]  b.b = VectorD(0.190494,	0.137414,	-0.00113035,	0.146226,	0.0840971,	0.0101691,	0.128418,	0.210602,	0.213526,	0.193121,	0.0616550,	-0.0193471,	0.0433960,	0.134895,	0.162799), b.w = 
[info] MatrixD (0.197954,	0.158777,	-0.0170996,	0.169830,	0.0704061,	-0.0503291,	0.133487,
[info]  	0.253065,	0.233180,	0.211240,	0.111988,	0.00435553,	0.0455496,	0.156030,
[info]  	0.201455,	0.205110,	0.230928,	0.0932243,	0.113424,	0.0800806,	0.148308,
[info]  	0.134112,	0.0622210,	0.0168396,	0.00268253,	0.121163,	0.130767,	0.0308908,
[info]  	0.0218742,	0.234580,	0.0693582,	0.237063,	0.181691,	-0.0197491,	0.178438,
[info]  	0.0344333,	0.0596013,	0.203254,	0.0206342,	0.180900,	-0.0350598,	0.106952,
[info]  	0.143969,	0.0964994,	-0.00538383,	0.167802,	0.00994264,	0.0786899,	0.130237,
[info]  	0.0782045,	0.0575549,	0.132111,	0.242282,	0.179874,	0.141415,	0.192246,
[info]  	0.222876,	0.118565,	0.206093,	0.0659619,	0.228326,	0.0686918,	0.0844620,
[info]  	0.192479,	0.0373277,	0.0189119,	0.0926980,	0.206149,	0.130356,	0.00353121,
[info]  	0.00819589,	0.0986144,	0.129326,	0.154068,	0.151249,	0.224175,	0.0904419,
[info]  	0.168427,	0.217494,	0.198042,	0.253622,	0.232893,	0.0923017,	0.250964,
[info]  	0.0397337,	0.0901151,	0.201187,	0.144132,	-0.00532360,	0.0273773,	0.250961,
[info]  	0.169638,	0.130523,	0.0547151,	0.164947,	0.0188783,	0.156854,	0.0496783,
[info]  	0.151795,	0.131684,	0.0832191,	0.0680969,	0.171043,	0.157874,	0.108417) 
[info]  b.b = VectorD(0.291294,	0.233623,	-0.0301245,	0.249761,	0.102541,	-0.0803404,	0.195967), b.w = 
[info] MatrixD (0.0886925,
[info]  	0.0300272,
[info]  	-0.237054,
[info]  	0.0372515,
[info]  	-0.119462,
[info]  	-0.356335,
[info]  	0.00141058) 
[info]  b.b = VectorD(0.674137))
[info] optimize: bSize = 6, nB = 65
[info] auto_optimize: eta = 0.001890625, result = (10.2193052600422,400)
[info] auto_optimize: b = Array(b.w = 
[info] MatrixD (0.273033,	0.242724,	0.0742852,	0.264544,	0.145494,	0.0656825,	0.212835,	0.377986,	0.369380,	0.335431,	0.206433,	0.0504486,	0.116505,	0.251922,	0.310867,
[info]  	0.297649,	0.370586,	0.167144,	0.199679,	0.159255,	0.243603,	0.199690,	0.104352,	0.0872688,	0.0175607,	0.241300,	0.288143,	0.0755098,	0.0399592,	0.362991,
[info]  	0.150436,	0.350219,	0.312943,	0.0721199,	0.269595,	0.0591741,	0.0935942,	0.335591,	0.0427576,	0.290485,	0.0280619,	0.177667,	0.216296,	0.150954,	0.0661571,
[info]  	0.237801,	0.0544400,	0.246213,	0.210798,	0.121375,	0.109993,	0.205751,	0.366520,	0.295140,	0.224431,	0.320251,	0.338281,	0.194605,	0.376900,	0.109072,
[info]  	0.368877,	0.187227,	0.0998149,	0.266944,	0.0532800,	-0.00495447,	0.132556,	0.273880,	0.145819,	-0.0127205,	-0.0301006,	0.120114,	0.137631,	0.209312,	0.186009,
[info]  	0.277193,	0.100579,	0.176865,	0.276884,	0.288412,	0.329231,	0.334301,	0.0969563,	0.322406,	-0.000940504,	0.0210737,	0.275347,	0.162116,	-0.0330922,	0.0586776,
[info]  	0.376710,	0.218848,	0.134494,	0.0416381,	0.230111,	-0.00342585,	0.215569,	0.0243014,	0.179711,	0.155312,	0.0268094,	0.0387085,	0.220407,	0.193334,	0.107127) 
[info]  b.b = VectorD(0.191438,	0.132927,	-0.00768505,	0.142207,	0.0835049,	0.00748537,	0.127687,	0.199826,	0.210032,	0.185356,	0.0457709,	-0.0268953,	0.0408221,	0.127934,	0.153364), b.w = 
[info] MatrixD (0.199949,	0.159467,	-0.0291821,	0.170755,	0.0649351,	-0.0735253,	0.133398,
[info]  	0.253748,	0.233336,	0.208754,	0.112283,	0.00246180,	0.0427616,	0.155966,
[info]  	0.201995,	0.205237,	0.228871,	0.0934537,	0.111943,	0.0778016,	0.148253,
[info]  	0.135340,	0.0625977,	0.0103268,	0.00323064,	0.117832,	0.119447,	0.0308079,
[info]  	0.0234478,	0.235135,	0.0597378,	0.237794,	0.177406,	-0.0380818,	0.178372,
[info]  	0.0353658,	0.0599087,	0.198014,	0.0210513,	0.178429,	-0.0443357,	0.106896,
[info]  	0.145764,	0.0971294,	-0.0163513,	0.168633,	0.00505682,	0.0577072,	0.130158,
[info]  	0.0785731,	0.0575461,	0.132383,	0.242407,	0.178845,	0.144832,	0.192161,
[info]  	0.224575,	0.119131,	0.196162,	0.0667364,	0.223685,	0.0501975,	0.0843684,
[info]  	0.192434,	0.0371855,	0.0217025,	0.0926410,	0.206241,	0.138754,	0.00347666,
[info]  	0.00726068,	0.0981120,	0.138462,	0.153576,	0.153790,	0.246028,	0.0903953,
[info]  	0.168937,	0.217595,	0.196502,	0.253828,	0.231539,	0.0914072,	0.250900,
[info]  	0.0409395,	0.0905321,	0.193872,	0.144691,	-0.00865611,	0.0135261,	0.250905,
[info]  	0.169869,	0.130503,	0.0552228,	0.165029,	0.0181732,	0.160085,	0.0496248,
[info]  	0.152072,	0.131668,	0.0837180,	0.0681908,	0.170258,	0.161457,	0.108352) 
[info]  b.b = VectorD(0.293801,	0.234456,	-0.0454512,	0.250898,	0.0956047,	-0.110153,	0.195814), b.w = 
[info] MatrixD (0.0900645,
[info]  	0.0283423,
[info]  	-0.261675,
[info]  	0.0346503,
[info]  	-0.134341,
[info]  	-0.412429,
[info]  	-0.000987493) 
[info]  b.b = VectorD(0.692083))
[info] optimize: bSize = 6, nB = 65
[info] auto_optimize: eta = 0.002125, result = (8.278546510616955,400)
[info] auto_optimize: b = Array(b.w = 
[info] MatrixD (0.270879,	0.244805,	0.0798537,	0.267508,	0.144997,	0.0676775,	0.213652,	0.379681,	0.372354,	0.338882,	0.215653,	0.0559958,	0.119397,	0.255948,	0.314898,
[info]  	0.295682,	0.372849,	0.172672,	0.202650,	0.158851,	0.245602,	0.200413,	0.107103,	0.0901985,	0.0214665,	0.251184,	0.293797,	0.0782320,	0.0442178,	0.367559,
[info]  	0.148928,	0.351807,	0.317006,	0.0743441,	0.269295,	0.0606939,	0.0941649,	0.337236,	0.0450129,	0.293138,	0.0350367,	0.181830,	0.218363,	0.153929,	0.0693285,
[info]  	0.235982,	0.0563611,	0.251072,	0.213428,	0.121006,	0.111801,	0.206418,	0.368495,	0.297806,	0.227613,	0.328531,	0.343223,	0.197070,	0.380438,	0.112848,
[info]  	0.369867,	0.184185,	0.0944108,	0.264094,	0.0533980,	-0.00672461,	0.132173,	0.266787,	0.143524,	-0.0187741,	-0.0433593,	0.114127,	0.135677,	0.203763,	0.179045,
[info]  	0.281756,	0.0919827,	0.160696,	0.268182,	0.288881,	0.323409,	0.333008,	0.0796751,	0.314233,	-0.0167886,	-0.0145619,	0.257791,	0.155439,	-0.0481297,	0.0401033,
[info]  	0.379845,	0.212186,	0.121272,	0.0344628,	0.230535,	-0.00811463,	0.214384,	0.0106556,	0.173406,	0.142672,	-0.00239266,	0.0241804,	0.215058,	0.181330,	0.0923876) 
[info]  b.b = VectorD(0.192170,	0.128963,	-0.0136991,	0.139023,	0.0835142,	0.00563834,	0.127518,	0.188978,	0.207777,	0.177175,	0.0287029,	-0.0338087,	0.0390745,	0.120775,	0.143908), b.w = 
[info] MatrixD (0.201680,	0.160083,	-0.0414852,	0.171561,	0.0595411,	-0.0982044,	0.133345,
[info]  	0.254288,	0.233474,	0.206549,	0.112536,	0.000780209,	0.0406789,	0.155943,
[info]  	0.202399,	0.205342,	0.227457,	0.0936413,	0.110770,	0.0771301,	0.148238,
[info]  	0.136405,	0.0629534,	0.00387613,	0.00372508,	0.114645,	0.107947,	0.0307787,
[info]  	0.0249077,	0.235665,	0.0492885,	0.238468,	0.172920,	-0.0588909,	0.178325,
[info]  	0.0362914,	0.0602390,	0.192038,	0.0214733,	0.175747,	-0.0553771,	0.106869,
[info]  	0.147390,	0.0977168,	-0.0279204,	0.169384,	6.96807e-05,	0.0346172,	0.130108,
[info]  	0.0787555,	0.0575329,	0.133885,	0.242500,	0.178408,	0.151306,	0.192162,
[info]  	0.226061,	0.119655,	0.186203,	0.0674285,	0.219175,	0.0309714,	0.0843298,
[info]  	0.192253,	0.0370389,	0.0256376,	0.0925628,	0.206845,	0.150294,	0.00347934,
[info]  	0.00615245,	0.0976006,	0.150364,	0.153066,	0.157392,	0.275404,	0.0904265,
[info]  	0.169361,	0.217702,	0.195328,	0.254021,	0.230391,	0.0916573,	0.250885,
[info]  	0.0419734,	0.0908982,	0.186622,	0.145171,	-0.0118782,	-0.000656164,	0.250871,
[info]  	0.169905,	0.130445,	0.0569427,	0.165051,	0.0180084,	0.166305,	0.0496160,
[info]  	0.152177,	0.131633,	0.0853231,	0.0682427,	0.169979,	0.167888,	0.108345) 
[info]  b.b = VectorD(0.295786,	0.235178,	-0.0589094,	0.251853,	0.0896396,	-0.137495,	0.195808), b.w = 
[info] MatrixD (0.0893758,
[info]  	0.0255592,
[info]  	-0.286621,
[info]  	0.0305044,
[info]  	-0.149707,
[info]  	-0.473156,
[info]  	-0.00415958) 
[info]  b.b = VectorD(0.702220))
[info] optimize: bSize = 6, nB = 65
[info] auto_optimize: eta = 0.0023593750000000004, result = (6.43846648788981,400)
[info] auto_optimize: b = Array(b.w = 
[info] MatrixD (0.268451,	0.246474,	0.0842843,	0.269733,	0.143869,	0.0687550,	0.213668,	0.381042,	0.374504,	0.341806,	0.223658,	0.0605093,	0.121228,	0.259226,	0.318211,
[info]  	0.293472,	0.374798,	0.177354,	0.204964,	0.157847,	0.246774,	0.200414,	0.109666,	0.0923694,	0.0251098,	0.260468,	0.298686,	0.0800434,	0.0480096,	0.371669,
[info]  	0.147011,	0.353376,	0.320832,	0.0762978,	0.268457,	0.0617079,	0.0941455,	0.339181,	0.0469148,	0.295982,	0.0424735,	0.185869,	0.219871,	0.156898,	0.0726268,
[info]  	0.233756,	0.0581586,	0.255451,	0.215642,	0.120035,	0.112955,	0.206400,	0.370606,	0.299966,	0.230819,	0.336889,	0.347804,	0.198813,	0.383796,	0.116540,
[info]  	0.370343,	0.181732,	0.0899421,	0.262176,	0.0537938,	-0.00766991,	0.132124,	0.260443,	0.142292,	-0.0244465,	-0.0557397,	0.109201,	0.134490,	0.198653,	0.172858,
[info]  	0.287013,	0.0832153,	0.143932,	0.260339,	0.290872,	0.318985,	0.333158,	0.0610797,	0.307292,	-0.0346255,	-0.0549360,	0.239457,	0.149944,	-0.0646711,	0.0200765,
[info]  	0.382986,	0.206249,	0.109283,	0.0288423,	0.232097,	-0.0110843,	0.214415,	-0.00250262,	0.168907,	0.129954,	-0.0318089,	0.0109613,	0.211315,	0.169563,	0.0782371) 
[info]  b.b = VectorD(0.191697,	0.126005,	-0.0182316,	0.137257,	0.0835204,	0.00480466,	0.127442,	0.179766,	0.207084,	0.169909,	0.0137722,	-0.0389497,	0.0382043,	0.114452,	0.136007), b.w = 
[info] MatrixD (0.202747,	0.160390,	-0.0523096,	0.171988,	0.0549451,	-0.121125,	0.133207,
[info]  	0.254476,	0.233473,	0.205026,	0.112609,	-0.000383291,	0.0392409,	0.155900,
[info]  	0.202540,	0.205337,	0.226648,	0.0936882,	0.109984,	0.0773251,	0.148197,
[info]  	0.137034,	0.0631002,	-0.00203283,	0.00396139,	0.111863,	0.0966470,	0.0306753,
[info]  	0.0259585,	0.235982,	0.0389806,	0.238879,	0.168634,	-0.0805122,	0.178188,
[info]  	0.0370367,	0.0604507,	0.185234,	0.0217462,	0.172828,	-0.0688775,	0.106755,
[info]  	0.148516,	0.0980507,	-0.0390036,	0.169823,	-0.00456803,	0.0113606,	0.129958,
[info]  	0.0785305,	0.0573674,	0.136673,	0.242402,	0.178756,	0.159884,	0.192151,
[info]  	0.226985,	0.119906,	0.177214,	0.0677868,	0.215234,	0.0126588,	0.0841978,
[info]  	0.191828,	0.0368247,	0.0305404,	0.0923919,	0.208079,	0.163536,	0.00350330,
[info]  	0.00495819,	0.0971130,	0.163656,	0.152575,	0.161732,	0.308229,	0.0905229,
[info]  	0.169556,	0.217703,	0.194242,	0.254078,	0.229436,	0.0916391,	0.250827,
[info]  	0.0426341,	0.0910888,	0.180120,	0.145433,	-0.0146843,	-0.0140080,	0.250783,
[info]  	0.169626,	0.130289,	0.0600435,	0.164945,	0.0186226,	0.175032,	0.0496300,
[info]  	0.151977,	0.131491,	0.0879135,	0.0681562,	0.170327,	0.175944,	0.108338) 
[info]  b.b = VectorD(0.296639,	0.235387,	-0.0681154,	0.252204,	0.0855885,	-0.157356,	0.195689), b.w = 
[info] MatrixD (0.0868330,
[info]  	0.0225470,
[info]  	-0.306790,
[info]  	0.0255939,
[info]  	-0.162519,
[info]  	-0.530349,
[info]  	-0.00690121) 
[info]  b.b = VectorD(0.705257))
[info] optimize: bSize = 6, nB = 65
[info] auto_optimize: eta = 0.0025937499999999997, result = (5.214624107622017,400)
[info] auto_optimize: b = Array(b.w = 
[info] MatrixD (0.266405,	0.247471,	0.0868319,	0.270981,	0.142749,	0.0691249,	0.213206,	0.381750,	0.375747,	0.343431,	0.228290,	0.0632151,	0.122072,	0.260954,	0.320084,
[info]  	0.291581,	0.376151,	0.180465,	0.206378,	0.156769,	0.247240,	0.199968,	0.111606,	0.0936870,	0.0277215,	0.267074,	0.302035,	0.0809702,	0.0505687,	0.374567,
[info]  	0.145014,	0.354778,	0.324001,	0.0777979,	0.267353,	0.0622352,	0.0936357,	0.341336,	0.0483539,	0.298683,	0.0493832,	0.189331,	0.220804,	0.159487,	0.0757191,
[info]  	0.231542,	0.0596569,	0.258846,	0.217250,	0.118836,	0.113519,	0.205863,	0.372705,	0.301525,	0.233593,	0.344023,	0.351488,	0.199847,	0.386492,	0.119714,
[info]  	0.369806,	0.180342,	0.0873130,	0.261423,	0.0539423,	-0.00786159,	0.131982,	0.256228,	0.142130,	-0.0283874,	-0.0639926,	0.106362,	0.134048,	0.195116,	0.168866,
[info]  	0.292101,	0.0757032,	0.129097,	0.254383,	0.294062,	0.316669,	0.334548,	0.0439790,	0.302411,	-0.0517252,	-0.0936748,	0.223296,	0.146268,	-0.0803024,	0.00166157,
[info]  	0.384938,	0.201962,	0.100563,	0.0254816,	0.233675,	-0.0123087,	0.214894,	-0.0126052,	0.166483,	0.119789,	-0.0547508,	0.00135554,	0.209226,	0.160292,	0.0674933) 
[info]  b.b = VectorD(0.189402,	0.124808,	-0.0200077,	0.137193,	0.0828749,	0.00490766,	0.126817,	0.174591,	0.207925,	0.165668,	0.00584347,	-0.0408424,	0.0381882,	0.110669,	0.131908), b.w = 
[info] MatrixD (0.203028,	0.160364,	-0.0595611,	0.172020,	0.0521183,	-0.138434,	0.133020,
[info]  	0.254261,	0.233305,	0.204551,	0.112484,	-0.000726027,	0.0381207,	0.155814,
[info]  	0.202456,	0.205248,	0.226231,	0.0936256,	0.109650,	0.0768732,	0.148141,
[info]  	0.137239,	0.0630909,	-0.00663174,	0.00399613,	0.109973,	0.0861897,	0.0305644,
[info]  	0.0265198,	0.236097,	0.0304849,	0.239033,	0.165329,	-0.100033,	0.178027,
[info]  	0.0376547,	0.0606375,	0.178167,	0.0219558,	0.170033,	-0.0844776,	0.106666,
[info]  	0.149080,	0.0981575,	-0.0478615,	0.169976,	-0.00802371,	-0.00905693,	0.129788,
[info]  	0.0779492,	0.0570728,	0.140303,	0.242151,	0.179924,	0.168250,	0.192116,
[info]  	0.227311,	0.119916,	0.170574,	0.0678471,	0.212582,	-0.00267175,	0.0840390,
[info]  	0.191178,	0.0365233,	0.0356354,	0.0921224,	0.209801,	0.175537,	0.00349151,
[info]  	0.00390271,	0.0967101,	0.175302,	0.152183,	0.165812,	0.336301,	0.0906170,
[info]  	0.169606,	0.217675,	0.192927,	0.254076,	0.228731,	0.0894058,	0.250783,
[info]  	0.0428634,	0.0910905,	0.175302,	0.145468,	-0.0166043,	-0.0251385,	0.250658,
[info]  	0.169016,	0.129993,	0.0641115,	0.164684,	0.0199927,	0.184324,	0.0495985,
[info]  	0.151514,	0.131250,	0.0908285,	0.0679506,	0.171216,	0.182926,	0.108301) 
[info]  b.b = VectorD(0.296237,	0.235055,	-0.0706385,	0.251947,	0.0846098,	-0.165071,	0.195483), b.w = 
[info] MatrixD (0.0831787,
[info]  	0.0203050,
[info]  	-0.317275,
[info]  	0.0210905,
[info]  	-0.169671,
[info]  	-0.573807,
[info]  	-0.00806571) 
[info]  b.b = VectorD(0.699623))
[info] optimize: bSize = 6, nB = 65
[info] auto_optimize: eta = 0.002828125, result = (4.523677550734301,400)
[info] auto_optimize: b = Array(b.w = 
[info] MatrixD (0.265103,	0.247871,	0.0876534,	0.271489,	0.142140,	0.0693022,	0.212738,	0.381834,	0.376409,	0.343660,	0.229135,	0.0642210,	0.122373,	0.261093,	0.320534,
[info]  	0.290312,	0.376962,	0.182086,	0.207100,	0.156044,	0.247412,	0.199486,	0.112883,	0.0944389,	0.0291587,	0.270502,	0.303861,	0.0813854,	0.0518182,	0.376202,
[info]  	0.143240,	0.356052,	0.326530,	0.0789340,	0.266311,	0.0624794,	0.0929361,	0.343676,	0.0494869,	0.301155,	0.0553675,	0.192183,	0.221407,	0.161662,	0.0785478,
[info]  	0.229626,	0.0608795,	0.261286,	0.218375,	0.117734,	0.113746,	0.205125,	0.374783,	0.302662,	0.235856,	0.349566,	0.354236,	0.200442,	0.388499,	0.122334,
[info]  	0.368283,	0.179968,	0.0865349,	0.261556,	0.0535619,	-0.00768104,	0.131470,	0.254433,	0.142674,	-0.0302332,	-0.0672575,	0.105693,	0.134054,	0.193414,	0.167319,
[info]  	0.296151,	0.0696987,	0.117171,	0.250226,	0.297464,	0.316235,	0.336301,	0.0297585,	0.299240,	-0.0665550,	-0.126701,	0.210596,	0.143987,	-0.0938681,	-0.0136329,
[info]  	0.385566,	0.199614,	0.0956752,	0.0240464,	0.234849,	-0.0122854,	0.215291,	-0.0187518,	0.165726,	0.113218,	-0.0688014,	-0.00376635,	0.208433,	0.154334,	0.0610498) 
[info]  b.b = VectorD(0.185649,	0.125332,	-0.0190110,	0.138364,	0.0814252,	0.00542485,	0.125428,	0.173868,	0.209756,	0.164986,	0.00597503,	-0.0393681,	0.0387085,	0.109837,	0.131940), b.w = 
[info] MatrixD (0.202805,	0.160208,	-0.0629122,	0.171902,	0.0512662,	-0.149516,	0.132931,
[info]  	0.253859,	0.233125,	0.205143,	0.112338,	-0.000197522,	0.0369800,	0.155803,
[info]  	0.202280,	0.205157,	0.225999,	0.0935533,	0.109712,	0.0748854,	0.148121,
[info]  	0.137123,	0.0629795,	-0.00960689,	0.00391253,	0.109100,	0.0769345,	0.0304769,
[info]  	0.0267285,	0.236114,	0.0244287,	0.239066,	0.163288,	-0.116275,	0.177925,
[info]  	0.0380771,	0.0607351,	0.171507,	0.0220542,	0.167583,	-0.101056,	0.106551,
[info]  	0.149224,	0.0981376,	-0.0539009,	0.169978,	-0.0100291,	-0.0255477,	0.129671,
[info]  	0.0772247,	0.0567719,	0.144325,	0.241894,	0.181750,	0.174981,	0.192131,
[info]  	0.227224,	0.119811,	0.166637,	0.0677717,	0.211405,	-0.0145233,	0.0839410,
[info]  	0.190523,	0.0362803,	0.0404100,	0.0919139,	0.211846,	0.184693,	0.00354849,
[info]  	0.00313393,	0.0964471,	0.183800,	0.151945,	0.169042,	0.355517,	0.0907195,
[info]  	0.169558,	0.217615,	0.191275,	0.254032,	0.228213,	0.0842232,	0.250732,
[info]  	0.0428470,	0.0910434,	0.172330,	0.145439,	-0.0175073,	-0.0339085,	0.250599,
[info]  	0.168330,	0.129729,	0.0685859,	0.164457,	0.0219518,	0.192592,	0.0496398,
[info]  	0.150984,	0.131028,	0.0936006,	0.0677610,	0.172489,	0.187308,	0.108309) 
[info]  b.b = VectorD(0.295207,	0.234604,	-0.0673472,	0.251569,	0.0865255,	-0.162153,	0.195458), b.w = 
[info] MatrixD (0.0785619,
[info]  	0.0185608,
[info]  	-0.318774,
[info]  	0.0170336,
[info]  	-0.171764,
[info]  	-0.601602,
[info]  	-0.00819079) 
[info]  b.b = VectorD(0.689209))
[info] optimize: bSize = 6, nB = 65
[info] auto_optimize: eta = 0.0030625, result = (4.094710638402686,400)
[info] auto_optimize: b = Array(b.w = 
[info] MatrixD (0.264444,	0.247877,	0.0873931,	0.271573,	0.142075,	0.0696476,	0.212463,	0.381442,	0.376735,	0.342888,	0.227323,	0.0641478,	0.122482,	0.260126,	0.320021,
[info]  	0.289527,	0.377362,	0.182697,	0.207402,	0.155660,	0.247579,	0.199100,	0.113623,	0.0948303,	0.0297072,	0.271624,	0.304621,	0.0815560,	0.0521161,	0.376928,
[info]  	0.141689,	0.357106,	0.328454,	0.0797530,	0.265307,	0.0625075,	0.0921441,	0.345961,	0.0502929,	0.303328,	0.0604305,	0.194367,	0.221758,	0.163449,	0.0810264,
[info]  	0.227998,	0.0618577,	0.263034,	0.219161,	0.116747,	0.113799,	0.204331,	0.376753,	0.303464,	0.237712,	0.353908,	0.356241,	0.200791,	0.390014,	0.124514,
[info]  	0.366424,	0.180340,	0.0869672,	0.262098,	0.0529565,	-0.00746650,	0.130767,	0.254260,	0.143509,	-0.0305732,	-0.0672388,	0.106431,	0.134326,	0.193036,	0.167392,
[info]  	0.299351,	0.0653088,	0.108243,	0.247451,	0.300930,	0.317169,	0.338155,	0.0185830,	0.297394,	-0.0786409,	-0.153374,	0.201456,	0.142819,	-0.105051,	-0.0256276,
[info]  	0.385280,	0.198554,	0.0933471,	0.0236446,	0.235442,	-0.0118999,	0.215348,	-0.0220081,	0.165766,	0.109438,	-0.0761881,	-0.00595303,	0.208240,	0.150866,	0.0577063) 
[info]  b.b = VectorD(0.181464,	0.126846,	-0.0165682,	0.139947,	0.0795555,	0.00579844,	0.123599,	0.175801,	0.211783,	0.166529,	0.0107979,	-0.0362076,	0.0394252,	0.110855,	0.134362), b.w = 
[info] MatrixD (0.202515,	0.160137,	-0.0640419,	0.171885,	0.0515835,	-0.156752,	0.132997,
[info]  	0.253468,	0.232997,	0.206123,	0.112256,	0.000714680,	0.0353984,	0.155846,
[info]  	0.202103,	0.205089,	0.225839,	0.0935097,	0.109972,	0.0718013,	0.148123,
[info]  	0.137000,	0.0629518,	-0.0115274,	0.00391875,	0.108902,	0.0686195,	0.0305073,
[info]  	0.0268141,	0.236140,	0.0201715,	0.239111,	0.162155,	-0.129732,	0.177904,
[info]  	0.0384164,	0.0608324,	0.165685,	0.0221446,	0.165605,	-0.117163,	0.106484,
[info]  	0.149265,	0.0981591,	-0.0579576,	0.170025,	-0.0110116,	-0.0389308,	0.129673,
[info]  	0.0766066,	0.0565741,	0.148027,	0.241756,	0.183712,	0.179655,	0.192211,
[info]  	0.227085,	0.119780,	0.164393,	0.0677807,	0.211177,	-0.0239845,	0.0839762,
[info]  	0.189942,	0.0360792,	0.0444557,	0.0917620,	0.213788,	0.191022,	0.00360028,
[info]  	0.00255961,	0.0962354,	0.189698,	0.151768,	0.171384,	0.367521,	0.0907558,
[info]  	0.169520,	0.217589,	0.189552,	0.254022,	0.227853,	0.0773345,	0.250712,
[info]  	0.0427687,	0.0910232,	0.170570,	0.145444,	-0.0177526,	-0.0409542,	0.250613,
[info]  	0.167730,	0.129539,	0.0727591,	0.164321,	0.0239953,	0.199200,	0.0497204,
[info]  	0.150551,	0.130889,	0.0958596,	0.0676662,	0.173786,	0.189166,	0.108364) 
[info]  b.b = VectorD(0.294172,	0.234310,	-0.0615319,	0.251385,	0.0898213,	-0.154327,	0.195652), b.w = 
[info] MatrixD (0.0751764,
[info]  	0.0183466,
[info]  	-0.315059,
[info]  	0.0147567,
[info]  	-0.170161,
[info]  	-0.618787,
[info]  	-0.00674253) 
[info]  b.b = VectorD(0.676739))
[info] optimize: bSize = 6, nB = 65
[info] auto_optimize: eta = 0.0032968750000000003, result = (3.7901080352423886,400)
[info] auto_optimize: b = Array(b.w = 
[info] MatrixD (0.264269,	0.247694,	0.0866412,	0.271430,	0.142552,	0.0703601,	0.212411,	0.380749,	0.376934,	0.341540,	0.224013,	0.0636246,	0.122627,	0.258508,	0.318975,
[info]  	0.289124,	0.377620,	0.182914,	0.207497,	0.155697,	0.247983,	0.198875,	0.114104,	0.0951229,	0.0298006,	0.271513,	0.305015,	0.0817499,	0.0519084,	0.377206,
[info]  	0.140368,	0.358074,	0.330116,	0.0803799,	0.264477,	0.0625093,	0.0913673,	0.348220,	0.0509595,	0.305353,	0.0649730,	0.196274,	0.222066,	0.165044,	0.0833180,
[info]  	0.226592,	0.0627180,	0.264467,	0.219733,	0.115922,	0.113832,	0.203532,	0.378679,	0.304096,	0.239381,	0.357660,	0.357914,	0.201069,	0.391289,	0.126473,
[info]  	0.364275,	0.180720,	0.0875384,	0.262674,	0.0518208,	-0.00765189,	0.129743,	0.254644,	0.144131,	-0.0303152,	-0.0656771,	0.107208,	0.134401,	0.193205,	0.168051,
[info]  	0.301773,	0.0616755,	0.100902,	0.245519,	0.303870,	0.318500,	0.339833,	0.00928852,	0.296042,	-0.0888379,	-0.175359,	0.194019,	0.142009,	-0.114509,	-0.0354346,
[info]  	0.384432,	0.197973,	0.0920532,	0.0237088,	0.235341,	-0.0118182,	0.215060,	-0.0237880,	0.165937,	0.107196,	-0.0797592,	-0.00709056,	0.208084,	0.148843,	0.0559989) 
[info]  b.b = VectorD(0.177057,	0.128448,	-0.0139420,	0.141490,	0.0770729,	0.00555313,	0.121328,	0.178835,	0.213438,	0.169109,	0.0180052,	-0.0330033,	0.0398749,	0.112789,	0.137787), b.w = 
[info] MatrixD (0.202032,	0.159902,	-0.0642522,	0.171706,	0.0521450,	-0.161587,	0.132924,
[info]  	0.253008,	0.232801,	0.207262,	0.112110,	0.00168376,	0.0338303,	0.155824,
[info]  	0.201852,	0.204963,	0.225917,	0.0934082,	0.110325,	0.0687575,	0.148081,
[info]  	0.136728,	0.0627962,	-0.0129530,	0.00379604,	0.108835,	0.0612000,	0.0304293,
[info]  	0.0267459,	0.236068,	0.0170115,	0.239052,	0.161379,	-0.140791,	0.177826,
[info]  	0.0386392,	0.0608678,	0.160678,	0.0221597,	0.163912,	-0.131959,	0.106395,
[info]  	0.149126,	0.0980496,	-0.0609719,	0.169937,	-0.0116790,	-0.0499636,	0.129581,
[info]  	0.0759235,	0.0562868,	0.151418,	0.241539,	0.185553,	0.183211,	0.192188,
[info]  	0.226760,	0.119600,	0.162984,	0.0676400,	0.211189,	-0.0315888,	0.0838912,
[info]  	0.189379,	0.0358662,	0.0480054,	0.0916054,	0.215589,	0.195649,	0.00361797,
[info]  	0.00207874,	0.0960554,	0.194231,	0.151628,	0.173312,	0.375222,	0.0907788,
[info]  	0.169382,	0.217493,	0.188185,	0.253938,	0.227633,	0.0705403,	0.250646,
[info]  	0.0425609,	0.0909050,	0.169496,	0.145350,	-0.0177898,	-0.0464913,	0.250552,
[info]  	0.167097,	0.129286,	0.0765537,	0.164132,	0.0258993,	0.204668,	0.0497194,
[info]  	0.150081,	0.130691,	0.0977505,	0.0675159,	0.174956,	0.189607,	0.108346) 
[info]  b.b = VectorD(0.292927,	0.233790,	-0.0550922,	0.251001,	0.0931998,	-0.143976,	0.195612), b.w = 
[info] MatrixD (0.0718473,
[info]  	0.0181950,
[info]  	-0.309858,
[info]  	0.0126600,
[info]  	-0.167790,
[info]  	-0.630252,
[info]  	-0.00528654) 
[info]  b.b = VectorD(0.664831))
[info] optimize: bSize = 6, nB = 65
[info] auto_optimize: eta = 0.0035312499999999997, result = (3.567618343250253,400)
[info] auto_optimize: b = Array(b.w = 
[info] MatrixD (0.264412,	0.247382,	0.0855726,	0.271194,	0.143327,	0.0712875,	0.212549,	0.379849,	0.377042,	0.339879,	0.219936,	0.0627881,	0.122752,	0.256523,	0.317636,
[info]  	0.288971,	0.377792,	0.182880,	0.207514,	0.155963,	0.248493,	0.198793,	0.114448,	0.0953511,	0.0296736,	0.270782,	0.305162,	0.0819244,	0.0514518,	0.377256,
[info]  	0.139257,	0.358977,	0.331553,	0.0809027,	0.263762,	0.0624215,	0.0906598,	0.350430,	0.0515242,	0.307283,	0.0691417,	0.197926,	0.222312,	0.166535,	0.0854657,
[info]  	0.225411,	0.0635772,	0.265766,	0.220234,	0.115248,	0.113802,	0.202826,	0.380636,	0.304661,	0.241044,	0.361205,	0.359438,	0.201329,	0.392546,	0.128384,
[info]  	0.362205,	0.181206,	0.0882636,	0.263225,	0.0506327,	-0.00797182,	0.128700,	0.255222,	0.144673,	-0.0297607,	-0.0634393,	0.108076,	0.134490,	0.193658,	0.168984,
[info]  	0.303565,	0.0587576,	0.0950257,	0.244060,	0.306446,	0.320253,	0.341278,	0.00135923,	0.295079,	-0.0974996,	-0.193460,	0.188113,	0.141555,	-0.122664,	-0.0435096,
[info]  	0.383366,	0.197551,	0.0911878,	0.0238297,	0.234922,	-0.0118447,	0.214566,	-0.0250972,	0.166072,	0.105522,	-0.0817370,	-0.00785441,	0.207933,	0.147317,	0.0548996) 
[info]  b.b = VectorD(0.172930,	0.129997,	-0.0114964,	0.142802,	0.0745282,	0.00494031,	0.119020,	0.181973,	0.214763,	0.171888,	0.0256248,	-0.0301366,	0.0401709,	0.114888,	0.141319), b.w = 
[info] MatrixD (0.201542,	0.159656,	-0.0640284,	0.171505,	0.0527593,	-0.165379,	0.132832,
[info]  	0.252581,	0.232615,	0.208307,	0.111966,	0.00257492,	0.0319872,	0.155786,
[info]  	0.201628,	0.204862,	0.226118,	0.0933259,	0.110718,	0.0657736,	0.148054,
[info]  	0.136457,	0.0626481,	-0.0139661,	0.00366820,	0.108866,	0.0545416,	0.0303559,
[info]  	0.0266173,	0.235960,	0.0145865,	0.238943,	0.160788,	-0.150402,	0.177727,
[info]  	0.0388001,	0.0608828,	0.156455,	0.0221413,	0.162471,	-0.145441,	0.106310,
[info]  	0.148935,	0.0979117,	-0.0632331,	0.169806,	-0.0121616,	-0.0594889,	0.129474,
[info]  	0.0753349,	0.0560582,	0.154485,	0.241375,	0.187270,	0.186068,	0.192186,
[info]  	0.226413,	0.119406,	0.162101,	0.0674732,	0.211310,	-0.0381319,	0.0837935,
[info]  	0.188885,	0.0356782,	0.0510297,	0.0914727,	0.217196,	0.199055,	0.00362195,
[info]  	0.00171481,	0.0959449,	0.197843,	0.151560,	0.174985,	0.380547,	0.0908252,
[info]  	0.169261,	0.217429,	0.187164,	0.253878,	0.227546,	0.0641913,	0.250612,
[info]  	0.0423440,	0.0907842,	0.168799,	0.145244,	-0.0177416,	-0.0512993,	0.250489,
[info]  	0.166558,	0.129084,	0.0798872,	0.163992,	0.0276303,	0.209168,	0.0497287,
[info]  	0.149671,	0.130520,	0.0992891,	0.0673863,	0.175983,	0.189098,	0.108323) 
[info]  b.b = VectorD(0.291800,	0.233308,	-0.0491847,	0.250649,	0.0962515,	-0.134215,	0.195545), b.w = 
[info] MatrixD (0.0692645,
[info]  	0.0185945,
[info]  	-0.304001,
[info]  	0.0112494,
[info]  	-0.164910,
[info]  	-0.639142,
[info]  	-0.00341731) 
[info]  b.b = VectorD(0.657043))
[info] optimize: bSize = 6, nB = 65
[info] auto_optimize: eta = 0.003765625, result = (3.390077154368946,400)
[info] auto_optimize: b = Array(b.w = 
[info] MatrixD (0.264634,	0.247016,	0.0844601,	0.270955,	0.144159,	0.0723929,	0.212779,	0.378902,	0.377087,	0.338177,	0.215883,	0.0618866,	0.122887,	0.254477,	0.316284,
[info]  	0.288826,	0.377851,	0.182716,	0.207491,	0.156182,	0.249055,	0.198720,	0.114698,	0.0954836,	0.0294776,	0.270003,	0.305123,	0.0820365,	0.0509005,	0.377229,
[info]  	0.138162,	0.359709,	0.332751,	0.0813020,	0.262919,	0.0621914,	0.0899003,	0.352490,	0.0518843,	0.309128,	0.0731922,	0.199241,	0.222410,	0.167934,	0.0874564,
[info]  	0.224183,	0.0642714,	0.266868,	0.220629,	0.114363,	0.113593,	0.202023,	0.382517,	0.305017,	0.242707,	0.364859,	0.360662,	0.201419,	0.393788,	0.130224,
[info]  	0.360248,	0.181596,	0.0888201,	0.263622,	0.0493223,	-0.00853773,	0.127596,	0.255777,	0.144928,	-0.0292213,	-0.0612383,	0.108753,	0.134422,	0.194137,	0.169845,
[info]  	0.305187,	0.0568096,	0.0907136,	0.243125,	0.309071,	0.322282,	0.342745,	-0.00487148,	0.294625,	-0.104628,	-0.208336,	0.184117,	0.141636,	-0.129288,	-0.0498537,
[info]  	0.382422,	0.197555,	0.0909266,	0.0240808,	0.234638,	-0.0118804,	0.214136,	-0.0256831,	0.166312,	0.104465,	-0.0825791,	-0.00783986,	0.208008,	0.146446,	0.0544570) 
[info]  b.b = VectorD(0.169089,	0.131433,	-0.00928888,	0.143856,	0.0718433,	0.00392586,	0.116677,	0.185159,	0.215602,	0.174757,	0.0333601,	-0.0275983,	0.0402640,	0.117160,	0.144811), b.w = 
[info] MatrixD (0.201243,	0.159536,	-0.0637951,	0.171457,	0.0533617,	-0.168316,	0.132826,
[info]  	0.252250,	0.232453,	0.209178,	0.111872,	0.00333331,	0.0303503,	0.155734,
[info]  	0.201463,	0.204791,	0.226430,	0.0932914,	0.111129,	0.0633512,	0.148040,
[info]  	0.136289,	0.0625657,	-0.0147673,	0.00362808,	0.108949,	0.0489045,	0.0303279,
[info]  	0.0266348,	0.235993,	0.0126375,	0.238992,	0.160420,	-0.158570,	0.177763,
[info]  	0.0390205,	0.0609906,	0.152998,	0.0222229,	0.161366,	-0.157186,	0.106339,
[info]  	0.148902,	0.0979188,	-0.0650197,	0.169838,	-0.0124311,	-0.0674670,	0.129501,
[info]  	0.0748088,	0.0557851,	0.157057,	0.241200,	0.188670,	0.188627,	0.192083,
[info]  	0.226231,	0.119337,	0.161449,	0.0674533,	0.211520,	-0.0435288,	0.0837937,
[info]  	0.188443,	0.0354580,	0.0536547,	0.0913338,	0.218550,	0.202099,	0.00354795,
[info]  	0.00131328,	0.0957266,	0.201047,	0.151406,	0.176385,	0.385114,	0.0907309,
[info]  	0.169183,	0.217388,	0.186398,	0.253859,	0.227533,	0.0586730,	0.250592,
[info]  	0.0422436,	0.0907595,	0.168311,	0.145250,	-0.0175999,	-0.0552570,	0.250507,
[info]  	0.166077,	0.128848,	0.0827236,	0.163844,	0.0290690,	0.213191,	0.0496543,
[info]  	0.149324,	0.130335,	0.100525,	0.0672674,	0.176809,	0.188382,	0.108247) 
[info]  b.b = VectorD(0.290882,	0.232900,	-0.0439189,	0.250412,	0.0989460,	-0.124505,	0.195475), b.w = 
[info] MatrixD (0.0680266,
[info]  	0.0198054,
[info]  	-0.298786,
[info]  	0.0108976,
[info]  	-0.161918,
[info]  	-0.647289,
[info]  	-0.000993597) 
[info]  b.b = VectorD(0.646446))
[info] optimize: bSize = 6, nB = 65
[info] auto_optimize: eta = 0.004, result = (3.263349548765249,400)
[info] auto_optimize: b = Array(b.w = 
[info] MatrixD (0.265101,	0.246696,	0.0833519,	0.270737,	0.145232,	0.0737025,	0.213198,	0.377926,	0.377175,	0.336416,	0.211707,	0.0610082,	0.123135,	0.252379,	0.314914,
[info]  	0.288834,	0.377940,	0.182528,	0.207466,	0.156522,	0.249696,	0.198748,	0.114946,	0.0956197,	0.0292496,	0.269144,	0.305041,	0.0822091,	0.0503395,	0.377184,
[info]  	0.137198,	0.360460,	0.333909,	0.0816711,	0.262113,	0.0618795,	0.0891887,	0.354586,	0.0522156,	0.311003,	0.0772812,	0.200460,	0.222525,	0.169403,	0.0894494,
[info]  	0.223084,	0.0649975,	0.267939,	0.220994,	0.113491,	0.113280,	0.201258,	0.384459,	0.305338,	0.244432,	0.368618,	0.361794,	0.201519,	0.395130,	0.132096,
[info]  	0.358602,	0.182111,	0.0895065,	0.264042,	0.0482930,	-0.00906404,	0.126712,	0.256356,	0.145285,	-0.0285851,	-0.0589872,	0.109622,	0.134477,	0.194718,	0.170787,
[info]  	0.306337,	0.0551291,	0.0871801,	0.242391,	0.311306,	0.324239,	0.343944,	-0.0102973,	0.294305,	-0.110636,	-0.220687,	0.180979,	0.141713,	-0.135027,	-0.0551089,
[info]  	0.381351,	0.197419,	0.0906457,	0.0242421,	0.234127,	-0.0121413,	0.213548,	-0.0262536,	0.166415,	0.103598,	-0.0829158,	-0.00787364,	0.207905,	0.145659,	0.0541273) 
[info]  b.b = VectorD(0.165816,	0.132947,	-0.00707124,	0.144832,	0.0695369,	0.00282708,	0.114644,	0.188296,	0.216459,	0.177723,	0.0410881,	-0.0250335,	0.0404485,	0.119526,	0.148305), b.w = 
[info] MatrixD (0.201070,	0.159524,	-0.0634505,	0.171522,	0.0540844,	-0.170348,	0.132896,
[info]  	0.252051,	0.232406,	0.210020,	0.111888,	0.00408891,	0.0289760,	0.155766,
[info]  	0.201336,	0.204749,	0.226858,	0.0932909,	0.111584,	0.0614574,	0.148042,
[info]  	0.136250,	0.0626051,	-0.0153608,	0.00371146,	0.109186,	0.0441395,	0.0303991,
[info]  	0.0266321,	0.236003,	0.0110399,	0.239032,	0.160224,	-0.165422,	0.177769,
[info]  	0.0391958,	0.0610679,	0.150045,	0.0222873,	0.160497,	-0.167529,	0.106344,
[info]  	0.148892,	0.0979457,	-0.0664619,	0.169903,	-0.0125046,	-0.0741099,	0.129536,
[info]  	0.0745304,	0.0557391,	0.159508,	0.241238,	0.190054,	0.191191,	0.192164,
[info]  	0.226149,	0.119357,	0.161007,	0.0675305,	0.211888,	-0.0479007,	0.0838601,
[info]  	0.188145,	0.0353592,	0.0560517,	0.0913039,	0.219781,	0.204759,	0.00356215,
[info]  	0.00105387,	0.0956343,	0.203963,	0.151363,	0.177623,	0.388788,	0.0907369,
[info]  	0.169147,	0.217385,	0.185871,	0.253885,	0.227624,	0.0539583,	0.250600,
[info]  	0.0421597,	0.0907428,	0.167996,	0.145274,	-0.0173585,	-0.0584054,	0.250523,
[info]  	0.165765,	0.128755,	0.0853137,	0.163829,	0.0304043,	0.216868,	0.0496873,
[info]  	0.149158,	0.130313,	0.101611,	0.0673003,	0.177596,	0.187443,	0.108299) 
[info]  b.b = VectorD(0.290408,	0.232856,	-0.0393211,	0.250533,	0.101548,	-0.115393,	0.195677), b.w = 
[info] MatrixD (0.0664903,
[info]  	0.0202986,
[info]  	-0.294845,
[info]  	0.0100978,
[info]  	-0.159612,
[info]  	-0.654461,
[info]  	0.000474259) 
[info]  b.b = VectorD(0.639537))
[info] auto_optimize end: b = Array(b.w = 
[info] MatrixD (0.265101,	0.246696,	0.0833519,	0.270737,	0.145232,	0.0737025,	0.213198,	0.377926,	0.377175,	0.336416,	0.211707,	0.0610082,	0.123135,	0.252379,	0.314914,
[info]  	0.288834,	0.377940,	0.182528,	0.207466,	0.156522,	0.249696,	0.198748,	0.114946,	0.0956197,	0.0292496,	0.269144,	0.305041,	0.0822091,	0.0503395,	0.377184,
[info]  	0.137198,	0.360460,	0.333909,	0.0816711,	0.262113,	0.0618795,	0.0891887,	0.354586,	0.0522156,	0.311003,	0.0772812,	0.200460,	0.222525,	0.169403,	0.0894494,
[info]  	0.223084,	0.0649975,	0.267939,	0.220994,	0.113491,	0.113280,	0.201258,	0.384459,	0.305338,	0.244432,	0.368618,	0.361794,	0.201519,	0.395130,	0.132096,
[info]  	0.358602,	0.182111,	0.0895065,	0.264042,	0.0482930,	-0.00906404,	0.126712,	0.256356,	0.145285,	-0.0285851,	-0.0589872,	0.109622,	0.134477,	0.194718,	0.170787,
[info]  	0.306337,	0.0551291,	0.0871801,	0.242391,	0.311306,	0.324239,	0.343944,	-0.0102973,	0.294305,	-0.110636,	-0.220687,	0.180979,	0.141713,	-0.135027,	-0.0551089,
[info]  	0.381351,	0.197419,	0.0906457,	0.0242421,	0.234127,	-0.0121413,	0.213548,	-0.0262536,	0.166415,	0.103598,	-0.0829158,	-0.00787364,	0.207905,	0.145659,	0.0541273) 
[info]  b.b = VectorD(0.165816,	0.132947,	-0.00707124,	0.144832,	0.0695369,	0.00282708,	0.114644,	0.188296,	0.216459,	0.177723,	0.0410881,	-0.0250335,	0.0404485,	0.119526,	0.148305), b.w = 
[info] MatrixD (0.201070,	0.159524,	-0.0634505,	0.171522,	0.0540844,	-0.170348,	0.132896,
[info]  	0.252051,	0.232406,	0.210020,	0.111888,	0.00408891,	0.0289760,	0.155766,
[info]  	0.201336,	0.204749,	0.226858,	0.0932909,	0.111584,	0.0614574,	0.148042,
[info]  	0.136250,	0.0626051,	-0.0153608,	0.00371146,	0.109186,	0.0441395,	0.0303991,
[info]  	0.0266321,	0.236003,	0.0110399,	0.239032,	0.160224,	-0.165422,	0.177769,
[info]  	0.0391958,	0.0610679,	0.150045,	0.0222873,	0.160497,	-0.167529,	0.106344,
[info]  	0.148892,	0.0979457,	-0.0664619,	0.169903,	-0.0125046,	-0.0741099,	0.129536,
[info]  	0.0745304,	0.0557391,	0.159508,	0.241238,	0.190054,	0.191191,	0.192164,
[info]  	0.226149,	0.119357,	0.161007,	0.0675305,	0.211888,	-0.0479007,	0.0838601,
[info]  	0.188145,	0.0353592,	0.0560517,	0.0913039,	0.219781,	0.204759,	0.00356215,
[info]  	0.00105387,	0.0956343,	0.203963,	0.151363,	0.177623,	0.388788,	0.0907369,
[info]  	0.169147,	0.217385,	0.185871,	0.253885,	0.227624,	0.0539583,	0.250600,
[info]  	0.0421597,	0.0907428,	0.167996,	0.145274,	-0.0173585,	-0.0584054,	0.250523,
[info]  	0.165765,	0.128755,	0.0853137,	0.163829,	0.0304043,	0.216868,	0.0496873,
[info]  	0.149158,	0.130313,	0.101611,	0.0673003,	0.177596,	0.187443,	0.108299) 
[info]  b.b = VectorD(0.290408,	0.232856,	-0.0393211,	0.250533,	0.101548,	-0.115393,	0.195677), b.w = 
[info] MatrixD (0.0664903,
[info]  	0.0202986,
[info]  	-0.294845,
[info]  	0.0100978,
[info]  	-0.159612,
[info]  	-0.654461,
[info]  	0.000474259) 
[info]  b.b = VectorD(0.639537))
[info] ending epoch = (3.263349548765249,400)
[info] REPORT
[info]     ----------------------------------------------------------------------------
[info]     modelName  mn  = NeuralNet_XL_Array(tanh, tanh, id)
[info]     ----------------------------------------------------------------------------
[info]     hparameter hp  = HyperParameter(eta -> (0.001,0.1), bSize -> (6.0,20), maxEpochs -> (400,400), lambda -> (0.01,0.01), upLimit -> (4,4), beta -> (0.9,0.9), beta2 -> (0.999,0.999), nu -> (0.9,0.9))
[info]     ----------------------------------------------------------------------------
[info]     features   fn  = Array(x0, x1, x2, x3, x4, x5, x6)
[info]     ----------------------------------------------------------------------------
[info]     parameter  bb  = Array(b.w = 
[info] MatrixD (0.265101,	0.246696,	0.0833519,	0.270737,	0.145232,	0.0737025,	0.213198,	0.377926,	0.377175,	0.336416,	0.211707,	0.0610082,	0.123135,	0.252379,	0.314914,
[info]  	0.288834,	0.377940,	0.182528,	0.207466,	0.156522,	0.249696,	0.198748,	0.114946,	0.0956197,	0.0292496,	0.269144,	0.305041,	0.0822091,	0.0503395,	0.377184,
[info]  	0.137198,	0.360460,	0.333909,	0.0816711,	0.262113,	0.0618795,	0.0891887,	0.354586,	0.0522156,	0.311003,	0.0772812,	0.200460,	0.222525,	0.169403,	0.0894494,
[info]  	0.223084,	0.0649975,	0.267939,	0.220994,	0.113491,	0.113280,	0.201258,	0.384459,	0.305338,	0.244432,	0.368618,	0.361794,	0.201519,	0.395130,	0.132096,
[info]  	0.358602,	0.182111,	0.0895065,	0.264042,	0.0482930,	-0.00906404,	0.126712,	0.256356,	0.145285,	-0.0285851,	-0.0589872,	0.109622,	0.134477,	0.194718,	0.170787,
[info]  	0.306337,	0.0551291,	0.0871801,	0.242391,	0.311306,	0.324239,	0.343944,	-0.0102973,	0.294305,	-0.110636,	-0.220687,	0.180979,	0.141713,	-0.135027,	-0.0551089,
[info]  	0.381351,	0.197419,	0.0906457,	0.0242421,	0.234127,	-0.0121413,	0.213548,	-0.0262536,	0.166415,	0.103598,	-0.0829158,	-0.00787364,	0.207905,	0.145659,	0.0541273) 
[info]  b.b = VectorD(0.165816,	0.132947,	-0.00707124,	0.144832,	0.0695369,	0.00282708,	0.114644,	0.188296,	0.216459,	0.177723,	0.0410881,	-0.0250335,	0.0404485,	0.119526,	0.148305), b.w = 
[info] MatrixD (0.201070,	0.159524,	-0.0634505,	0.171522,	0.0540844,	-0.170348,	0.132896,
[info]  	0.252051,	0.232406,	0.210020,	0.111888,	0.00408891,	0.0289760,	0.155766,
[info]  	0.201336,	0.204749,	0.226858,	0.0932909,	0.111584,	0.0614574,	0.148042,
[info]  	0.136250,	0.0626051,	-0.0153608,	0.00371146,	0.109186,	0.0441395,	0.0303991,
[info]  	0.0266321,	0.236003,	0.0110399,	0.239032,	0.160224,	-0.165422,	0.177769,
[info]  	0.0391958,	0.0610679,	0.150045,	0.0222873,	0.160497,	-0.167529,	0.106344,
[info]  	0.148892,	0.0979457,	-0.0664619,	0.169903,	-0.0125046,	-0.0741099,	0.129536,
[info]  	0.0745304,	0.0557391,	0.159508,	0.241238,	0.190054,	0.191191,	0.192164,
[info]  	0.226149,	0.119357,	0.161007,	0.0675305,	0.211888,	-0.0479007,	0.0838601,
[info]  	0.188145,	0.0353592,	0.0560517,	0.0913039,	0.219781,	0.204759,	0.00356215,
[info]  	0.00105387,	0.0956343,	0.203963,	0.151363,	0.177623,	0.388788,	0.0907369,
[info]  	0.169147,	0.217385,	0.185871,	0.253885,	0.227624,	0.0539583,	0.250600,
[info]  	0.0421597,	0.0907428,	0.167996,	0.145274,	-0.0173585,	-0.0584054,	0.250523,
[info]  	0.165765,	0.128755,	0.0853137,	0.163829,	0.0304043,	0.216868,	0.0496873,
[info]  	0.149158,	0.130313,	0.101611,	0.0673003,	0.177596,	0.187443,	0.108299) 
[info]  b.b = VectorD(0.290408,	0.232856,	-0.0393211,	0.250533,	0.101548,	-0.115393,	0.195677), b.w = 
[info] MatrixD (0.0664903,
[info]  	0.0202986,
[info]  	-0.294845,
[info]  	0.0100978,
[info]  	-0.159612,
[info]  	-0.654461,
[info]  	0.000474259) 
[info]  b.b = VectorD(0.639537))
[info]     ----------------------------------------------------------------------------
[info]     fitMap     qof = 
[info] 		rSq 	 -> VectorD(0.807228) 
[info] 		rSqBar 	 -> VectorD(0.803723) 
[info] 		sst 	 -> VectorD(16.8480) 
[info] 		sse 	 -> VectorD(3.24781) 
[info] 		sde 	 -> VectorD(0.0911377) 
[info] 		mse0 	 -> VectorD(0.00828523) 
[info] 		rmse 	 -> VectorD(0.0910232) 
[info] 		mae 	 -> VectorD(0.0654750) 
[info] 		smape 	 -> VectorD(20.0564) 
[info] 		m 	 -> VectorD(392.000) 
[info] 		dfm 	 -> VectorD(7.00000) 
[info] 		df 	 -> VectorD(385.000) 
[info] 		fStat 	 -> VectorD(230.312) 
[info] 		aic 	 -> VectorD(399.259) 
[info] 		bic 	 -> VectorD(431.029) 
[info] 		mape 	 -> VectorD(Infinity) 
[info] 		mase 	 -> VectorD(1.04147) 
[info] 		smapeC 	 -> VectorD(20.0972) 
[info] 		picp 	 -> VectorD(-1.00000) 
[info] 		pinc 	 -> VectorD(-1.00000) 
[info] 		ace 	 -> VectorD(-1.00000) 
[info] 		pinaw 	 -> VectorD(-1.00000) 
[info] 		iscore 	 -> VectorD(-1.00000) 
[info] 		wis 	 -> VectorD(-1.00000) 
[info]     ----------------------------------------------------------------------------
[info]         
[info] Run + title
[info] Run + title
[info] summary2 not implemented yet
[info] ----------------------------------------
[info] | AutoMPG - NeuralNet_XL: TnT validate |
[info] ----------------------------------------
[info] DEBUG @ PredictorMV.validate: n_test = 78, rando = true
[info] optimize: bSize = 6, nB = 52
[info] ending epoch = (2.4225553037309955,400)
[success] Total time: 56 s, completed Oct 9, 2025, 11:59:38 PM
