"C:\Program Files\Java\jdk-25\bin\java.exe" "-javaagent:C:\Users\mkk51\AppData\Local\Programs\IntelliJ IDEA Community Edition\lib\idea_rt.jar=55714" -Dfile.encoding=UTF-8 -Dsun.stdout.encoding=UTF-8 -Dsun.stderr.encoding=UTF-8 -classpath C:\Libs\scalation_2.0\target\scala-3.7.2\classes;C:\Users\mkk51\AppData\Local\Coursier\cache\v1\https\repo1.maven.org\maven2\org\scala-lang\scala3-library_3\3.7.2\scala3-library_3-3.7.2.jar;C:\Users\mkk51\AppData\Local\Coursier\cache\v1\https\repo1.maven.org\maven2\org\scala-lang\scala-library\2.13.16\scala-library-2.13.16.jar project2.NeuralNetwork3LSBSD
DEBUG @ ActivationFun.rescaleX: from (VectorD(0.00000,	-17.8000,	0.00000,	0.00000,	27.0000,	-30.6000,	0.00000,	0.00000,	0.00000,	0.00000,	0.00000,	0.00000,	0.00000,	0.00000,	0.00000,	0.00000), VectorD(23.0000,	39.4000,	98.0000,	7.40000,	2000.00,	27.2000,	3.52000,	35.0000,	8.80000,	1.00000,	1.00000,	1.00000,	1.00000,	1.00000,	1.00000,	1.00000)) to (-2.0,2.0)
WARNING: A terminally deprecated method in sun.misc.Unsafe has been called
WARNING: sun.misc.Unsafe::objectFieldOffset has been called by scala.runtime.LazyVals$ (file:/C:/Users/mkk51/AppData/Local/Coursier/cache/v1/https/repo1.maven.org/maven2/org/scala-lang/scala3-library_3/3.7.2/scala3-library_3-3.7.2.jar)
WARNING: Please consider reporting this to the maintainers of class scala.runtime.LazyVals$
WARNING: sun.misc.Unsafe::objectFieldOffset will be removed in a future release
---------------------------------------------
| Small Example - NeuralNet_XL: trainNtest2 |
---------------------------------------------
optimize3: bSize = 6, nB = 1460
ending epoch = (2.7409608027153244E9,400)
T E S T: bb = Array(b.w = 
MatrixD (10.9260,	173.694,	-2.65939,	1.35243,	4.43738,	-8.34783,	21.9140,	601.098,	-24.6575,	-6.60735,	-11.2025,	-204.423,	0.00100541,	-40.4657,	10.5408,	17.7104,	4.88490,	-1.13175,	-40.6737,	-531.311,	10.3167,	-3.11875,	-62.1884,	-2.46122,	-5.56885,	-2.65156,	2.34145,	-2.43908,	-7.83647,	-15.4484,	-1.03350,	2.12093,	-0.992423,
 	12.4718,	43.7971,	-1.27463,	2.72770,	4.44816,	-10.9273,	2.05465,	256.479,	-9.46215,	-1.69076,	-6.92470,	-111.041,	0.235527,	-51.2099,	6.51066,	17.7796,	15.6835,	-1.33412,	-11.4532,	-311.715,	-3.47734,	1.07131,	-14.0474,	5.20993,	4.60252,	1.16094,	1.93034,	-1.29266,	-0.546118,	-15.8411,	-3.52231,	-0.352430,	-0.548606,
 	-0.804814,	-88.3142,	0.132640,	-8.47911,	-3.29646,	2.47687,	1.45097,	-356.549,	-97.9400,	-0.499800,	2.00064,	45.3830,	15.7375,	13.1849,	-7.74984,	5.83520,	0.905715,	2.62702,	14.4960,	377.134,	-29.3716,	1.67626,	30.2562,	8.32050,	1.87738,	-3.38191,	-0.431776,	-0.384459,	3.77597,	-4.16153,	12.9885,	-1.31900,	-0.196838,
 	-5.99917,	-30.4285,	-2.99867,	9.02618,	-3.29943,	-6.74843,	23.8126,	225.430,	41.8240,	3.59749,	13.4816,	-80.0868,	-19.9791,	37.0075,	3.10714,	-12.1891,	-21.8538,	-1.76556,	-13.9931,	-149.978,	19.0547,	-8.20123,	-40.1459,	-7.35903,	-6.90231,	6.92703,	2.60311,	-3.88602,	-5.88130,	5.10128,	-7.51970,	3.21644,	0.895599,
 	0.619167,	60.7289,	1.52691,	0.912142,	10.0323,	2.38094,	-52.9028,	179.068,	-20.3440,	-2.91760,	-4.72652,	137.390,	1.59907,	2.68480,	-5.33734,	23.3631,	23.3419,	1.16874,	-3.17014,	-173.027,	12.8975,	5.33156,	19.7807,	-2.09102,	10.3543,	-6.32719,	-2.08911,	3.18645,	7.79402,	-23.4412,	-1.64228,	0.151824,	-0.702919,
 	11.3343,	7.75166,	-0.794153,	-1.96196,	2.00904,	-9.24443,	-0.272702,	74.3485,	-53.5631,	-2.35407,	-6.95599,	-69.2640,	10.1461,	-46.5714,	1.92128,	20.4643,	16.9203,	0.131268,	-3.51521,	-125.512,	-16.6122,	1.71726,	3.49519,	8.81870,	5.83289,	-1.42254,	1.30994,	-1.17557,	1.52052,	-18.4731,	2.22504,	-1.54417,	-0.705634,
 	-1.06488,	-27.4025,	-3.91669,	18.2577,	0.906690,	-4.11611,	26.4140,	413.148,	131.798,	10.1132,	7.50086,	-140.409,	-30.9431,	25.4757,	12.8194,	-16.4253,	0.573774,	-2.61732,	3.08404,	-369.498,	-9.60953,	-9.08166,	-57.0421,	-9.52647,	-11.2190,	10.8206,	3.79561,	-4.32899,	-7.20742,	14.1934,	-20.9340,	1.66108,	1.67486,
 	-18.2752,	-61.3402,	-5.56099,	16.3010,	-16.8559,	-3.11527,	41.7851,	150.733,	101.101,	10.2314,	8.41873,	-105.909,	-28.7462,	66.6014,	9.77989,	-20.6566,	-29.2382,	-5.21695,	-18.4729,	-227.632,	30.0649,	-12.4021,	-51.9968,	-11.6729,	-13.9375,	11.6258,	4.11946,	-5.23433,	-7.79671,	27.0547,	-3.66366,	12.6792,	2.69034,
 	-20.3840,	-62.4915,	-5.33232,	17.4699,	-13.0168,	-3.15106,	41.9908,	124.743,	107.301,	10.3257,	6.33824,	-106.233,	-28.5308,	66.1783,	10.0481,	-21.6199,	-29.1190,	-5.36969,	-18.1068,	-198.362,	29.3268,	-12.2379,	-44.4481,	-12.0839,	-13.9681,	11.5897,	4.28794,	-5.40977,	-9.58918,	27.2154,	-4.84917,	12.3728,	2.66868,
 	-13.0532,	-35.0622,	-5.07152,	4.96314,	-17.1433,	-1.59767,	-10.1066,	279.544,	-12.9569,	7.29977,	2.28388,	-47.1569,	-18.3987,	106.919,	26.0035,	-28.7711,	-5.26960,	0.780971,	-89.5508,	-183.761,	51.5139,	-3.90815,	-47.8494,	-3.42843,	-1.68262,	4.94378,	2.65115,	-2.83310,	3.97061,	26.3784,	-21.5977,	11.0520,	0.238012,
 	-1.60686,	-39.7484,	0.248143,	12.0272,	2.51527,	-9.69612,	27.6405,	-16.3646,	111.503,	5.46317,	13.4489,	-86.0774,	-36.9010,	42.5644,	-11.8837,	4.17499,	4.07786,	-1.23920,	28.9522,	-124.749,	-47.9320,	-5.06041,	-25.5856,	0.752945,	-10.0238,	9.75777,	4.54786,	-5.74624,	-5.62304,	26.5694,	30.2808,	8.77045,	2.48361,
 	5.17879,	-1.18206,	-3.90597,	12.0506,	-8.72615,	-15.4327,	39.5960,	131.406,	48.6965,	0.181599,	-15.4455,	-136.640,	5.36470,	-57.6247,	16.0814,	9.87468,	-23.1550,	-6.04436,	12.7255,	-212.678,	-19.4161,	-12.8166,	-20.7304,	-2.85790,	-0.379248,	11.1306,	3.18163,	-5.06273,	-9.87982,	-25.5914,	-5.05898,	0.860640,	2.13949,
 	-31.2483,	-42.7712,	-1.88492,	6.31563,	-10.3953,	20.7851,	26.8515,	-69.5177,	69.4774,	7.71135,	10.4023,	54.4347,	-8.58390,	41.8430,	-7.71070,	-27.8966,	-33.4814,	-4.12436,	9.80788,	-2.81216,	73.2593,	-2.50352,	-14.7139,	-18.5765,	-15.7909,	-2.47035,	-1.81474,	2.89402,	-7.56146,	26.6411,	-11.9771,	4.99571,	0.921025,
 	-4.79523,	-4.41811,	-2.49291,	2.11891,	-8.84779,	22.3743,	22.1150,	297.289,	117.036,	-0.928686,	-13.9624,	-61.2772,	-10.5256,	49.6811,	22.0041,	-7.89747,	15.5468,	-0.638679,	2.23873,	-276.176,	58.3245,	-3.25537,	-35.8941,	-0.0335795,	-5.88792,	3.73516,	1.71337,	-1.55219,	-2.29638,	24.7020,	-25.0783,	-5.50532,	0.869457,
 	5.14487,	4.65874,	2.64902,	-1.95161,	9.13240,	-21.9892,	-21.7342,	-296.902,	-116.884,	1.09453,	14.0872,	61.3056,	10.8469,	-49.4823,	-21.7821,	7.90553,	-15.2444,	0.939602,	-2.19490,	276.396,	-58.0965,	3.66377,	36.2285,	0.427718,	6.35684,	-3.69295,	-1.48061,	1.79320,	2.46654,	-24.5801,	25.3747,	5.79008,	-0.668227,
 	19.6461,	152.651,	5.51065,	-9.27972,	-2.80479,	-1.37233,	17.6356,	-53.0466,	-39.7739,	1.02600,	-43.6505,	-16.6394,	7.98438,	-78.5452,	6.61567,	24.7328,	40.3050,	3.80569,	-1.78087,	50.7692,	-28.3287,	21.3143,	1.03474,	13.8249,	1.92947,	-12.4844,	-3.11609,	2.73987,	6.98028,	-26.5788,	3.45206,	-7.56040,	-3.49872) 
 b.b = VectorD(10.2288,	29.8504,	2.79742,	-8.71767,	8.49393,	1.62003,	-20.9008,	-81.1444,	-54.1128,	-5.04891,	-2.53933,	53.9779,	14.7290,	-33.2647,	-5.54372,	10.8116,	14.6223,	2.77698,	9.60024,	131.145,	-14.1437,	6.28483,	27.3696,	6.17357,	7.12421,	-5.72005,	-2.05256,	2.79981,	4.88747,	-13.3695,	2.17158,	-6.25364,	-1.28582), b.w = 
MatrixD (73.6914,
 	-5.18125,
 	20.8994,
 	-18.4860,
 	-28.9717,
 	-323.045,
 	41.8344,
 	154.036,
 	-100.163,
 	-36.2511,
 	-459.432,
 	-262.603,
 	24.3961,
 	-276.411,
 	170.827,
 	53.1643,
 	74.3923,
 	2.05145,
 	-12.5348,
 	-156.070,
 	-6.06534,
 	7.28602,
 	-111.505,
 	-1.67742,
 	-18.6430,
 	-72.7357,
 	-26.0832,
 	6.60552,
 	-46.2156,
 	-73.0553,
 	49.4415,
 	-35.3251,
 	-70.6392) 
 b.b = VectorD(74.8553))

REPORT
    ----------------------------------------------------------------------------
    modelName  mn  = NeuralNet_3L_tanh_id
    ----------------------------------------------------------------------------
    hparameter hp  = HyperParameter(eta -> (0.001,0.1), bSize -> (6.0,20), maxEpochs -> (400,400), lambda -> (0.01,0.01), upLimit -> (4,4), beta -> (0.9,0.9), beta2 -> (0.999,0.999), nu -> (0.9,0.9))
    ----------------------------------------------------------------------------
    features   fn  = Array(x0, x1, x2, x3, x4, x5, x6, x7, x8, x9, x10, x11, x12, x13, x14, x15)
    ----------------------------------------------------------------------------
    parameter  bb  = Array(b.w = 
MatrixD (10.9260,	173.694,	-2.65939,	1.35243,	4.43738,	-8.34783,	21.9140,	601.098,	-24.6575,	-6.60735,	-11.2025,	-204.423,	0.00100541,	-40.4657,	10.5408,	17.7104,	4.88490,	-1.13175,	-40.6737,	-531.311,	10.3167,	-3.11875,	-62.1884,	-2.46122,	-5.56885,	-2.65156,	2.34145,	-2.43908,	-7.83647,	-15.4484,	-1.03350,	2.12093,	-0.992423,
 	12.4718,	43.7971,	-1.27463,	2.72770,	4.44816,	-10.9273,	2.05465,	256.479,	-9.46215,	-1.69076,	-6.92470,	-111.041,	0.235527,	-51.2099,	6.51066,	17.7796,	15.6835,	-1.33412,	-11.4532,	-311.715,	-3.47734,	1.07131,	-14.0474,	5.20993,	4.60252,	1.16094,	1.93034,	-1.29266,	-0.546118,	-15.8411,	-3.52231,	-0.352430,	-0.548606,
 	-0.804814,	-88.3142,	0.132640,	-8.47911,	-3.29646,	2.47687,	1.45097,	-356.549,	-97.9400,	-0.499800,	2.00064,	45.3830,	15.7375,	13.1849,	-7.74984,	5.83520,	0.905715,	2.62702,	14.4960,	377.134,	-29.3716,	1.67626,	30.2562,	8.32050,	1.87738,	-3.38191,	-0.431776,	-0.384459,	3.77597,	-4.16153,	12.9885,	-1.31900,	-0.196838,
 	-5.99917,	-30.4285,	-2.99867,	9.02618,	-3.29943,	-6.74843,	23.8126,	225.430,	41.8240,	3.59749,	13.4816,	-80.0868,	-19.9791,	37.0075,	3.10714,	-12.1891,	-21.8538,	-1.76556,	-13.9931,	-149.978,	19.0547,	-8.20123,	-40.1459,	-7.35903,	-6.90231,	6.92703,	2.60311,	-3.88602,	-5.88130,	5.10128,	-7.51970,	3.21644,	0.895599,
 	0.619167,	60.7289,	1.52691,	0.912142,	10.0323,	2.38094,	-52.9028,	179.068,	-20.3440,	-2.91760,	-4.72652,	137.390,	1.59907,	2.68480,	-5.33734,	23.3631,	23.3419,	1.16874,	-3.17014,	-173.027,	12.8975,	5.33156,	19.7807,	-2.09102,	10.3543,	-6.32719,	-2.08911,	3.18645,	7.79402,	-23.4412,	-1.64228,	0.151824,	-0.702919,
 	11.3343,	7.75166,	-0.794153,	-1.96196,	2.00904,	-9.24443,	-0.272702,	74.3485,	-53.5631,	-2.35407,	-6.95599,	-69.2640,	10.1461,	-46.5714,	1.92128,	20.4643,	16.9203,	0.131268,	-3.51521,	-125.512,	-16.6122,	1.71726,	3.49519,	8.81870,	5.83289,	-1.42254,	1.30994,	-1.17557,	1.52052,	-18.4731,	2.22504,	-1.54417,	-0.705634,
 	-1.06488,	-27.4025,	-3.91669,	18.2577,	0.906690,	-4.11611,	26.4140,	413.148,	131.798,	10.1132,	7.50086,	-140.409,	-30.9431,	25.4757,	12.8194,	-16.4253,	0.573774,	-2.61732,	3.08404,	-369.498,	-9.60953,	-9.08166,	-57.0421,	-9.52647,	-11.2190,	10.8206,	3.79561,	-4.32899,	-7.20742,	14.1934,	-20.9340,	1.66108,	1.67486,
 	-18.2752,	-61.3402,	-5.56099,	16.3010,	-16.8559,	-3.11527,	41.7851,	150.733,	101.101,	10.2314,	8.41873,	-105.909,	-28.7462,	66.6014,	9.77989,	-20.6566,	-29.2382,	-5.21695,	-18.4729,	-227.632,	30.0649,	-12.4021,	-51.9968,	-11.6729,	-13.9375,	11.6258,	4.11946,	-5.23433,	-7.79671,	27.0547,	-3.66366,	12.6792,	2.69034,
 	-20.3840,	-62.4915,	-5.33232,	17.4699,	-13.0168,	-3.15106,	41.9908,	124.743,	107.301,	10.3257,	6.33824,	-106.233,	-28.5308,	66.1783,	10.0481,	-21.6199,	-29.1190,	-5.36969,	-18.1068,	-198.362,	29.3268,	-12.2379,	-44.4481,	-12.0839,	-13.9681,	11.5897,	4.28794,	-5.40977,	-9.58918,	27.2154,	-4.84917,	12.3728,	2.66868,
 	-13.0532,	-35.0622,	-5.07152,	4.96314,	-17.1433,	-1.59767,	-10.1066,	279.544,	-12.9569,	7.29977,	2.28388,	-47.1569,	-18.3987,	106.919,	26.0035,	-28.7711,	-5.26960,	0.780971,	-89.5508,	-183.761,	51.5139,	-3.90815,	-47.8494,	-3.42843,	-1.68262,	4.94378,	2.65115,	-2.83310,	3.97061,	26.3784,	-21.5977,	11.0520,	0.238012,
 	-1.60686,	-39.7484,	0.248143,	12.0272,	2.51527,	-9.69612,	27.6405,	-16.3646,	111.503,	5.46317,	13.4489,	-86.0774,	-36.9010,	42.5644,	-11.8837,	4.17499,	4.07786,	-1.23920,	28.9522,	-124.749,	-47.9320,	-5.06041,	-25.5856,	0.752945,	-10.0238,	9.75777,	4.54786,	-5.74624,	-5.62304,	26.5694,	30.2808,	8.77045,	2.48361,
 	5.17879,	-1.18206,	-3.90597,	12.0506,	-8.72615,	-15.4327,	39.5960,	131.406,	48.6965,	0.181599,	-15.4455,	-136.640,	5.36470,	-57.6247,	16.0814,	9.87468,	-23.1550,	-6.04436,	12.7255,	-212.678,	-19.4161,	-12.8166,	-20.7304,	-2.85790,	-0.379248,	11.1306,	3.18163,	-5.06273,	-9.87982,	-25.5914,	-5.05898,	0.860640,	2.13949,
 	-31.2483,	-42.7712,	-1.88492,	6.31563,	-10.3953,	20.7851,	26.8515,	-69.5177,	69.4774,	7.71135,	10.4023,	54.4347,	-8.58390,	41.8430,	-7.71070,	-27.8966,	-33.4814,	-4.12436,	9.80788,	-2.81216,	73.2593,	-2.50352,	-14.7139,	-18.5765,	-15.7909,	-2.47035,	-1.81474,	2.89402,	-7.56146,	26.6411,	-11.9771,	4.99571,	0.921025,
 	-4.79523,	-4.41811,	-2.49291,	2.11891,	-8.84779,	22.3743,	22.1150,	297.289,	117.036,	-0.928686,	-13.9624,	-61.2772,	-10.5256,	49.6811,	22.0041,	-7.89747,	15.5468,	-0.638679,	2.23873,	-276.176,	58.3245,	-3.25537,	-35.8941,	-0.0335795,	-5.88792,	3.73516,	1.71337,	-1.55219,	-2.29638,	24.7020,	-25.0783,	-5.50532,	0.869457,
 	5.14487,	4.65874,	2.64902,	-1.95161,	9.13240,	-21.9892,	-21.7342,	-296.902,	-116.884,	1.09453,	14.0872,	61.3056,	10.8469,	-49.4823,	-21.7821,	7.90553,	-15.2444,	0.939602,	-2.19490,	276.396,	-58.0965,	3.66377,	36.2285,	0.427718,	6.35684,	-3.69295,	-1.48061,	1.79320,	2.46654,	-24.5801,	25.3747,	5.79008,	-0.668227,
 	19.6461,	152.651,	5.51065,	-9.27972,	-2.80479,	-1.37233,	17.6356,	-53.0466,	-39.7739,	1.02600,	-43.6505,	-16.6394,	7.98438,	-78.5452,	6.61567,	24.7328,	40.3050,	3.80569,	-1.78087,	50.7692,	-28.3287,	21.3143,	1.03474,	13.8249,	1.92947,	-12.4844,	-3.11609,	2.73987,	6.98028,	-26.5788,	3.45206,	-7.56040,	-3.49872) 
 b.b = VectorD(10.2288,	29.8504,	2.79742,	-8.71767,	8.49393,	1.62003,	-20.9008,	-81.1444,	-54.1128,	-5.04891,	-2.53933,	53.9779,	14.7290,	-33.2647,	-5.54372,	10.8116,	14.6223,	2.77698,	9.60024,	131.145,	-14.1437,	6.28483,	27.3696,	6.17357,	7.12421,	-5.72005,	-2.05256,	2.79981,	4.88747,	-13.3695,	2.17158,	-6.25364,	-1.28582), b.w = 
MatrixD (73.6914,
 	-5.18125,
 	20.8994,
 	-18.4860,
 	-28.9717,
 	-323.045,
 	41.8344,
 	154.036,
 	-100.163,
 	-36.2511,
 	-459.432,
 	-262.603,
 	24.3961,
 	-276.411,
 	170.827,
 	53.1643,
 	74.3923,
 	2.05145,
 	-12.5348,
 	-156.070,
 	-6.06534,
 	7.28602,
 	-111.505,
 	-1.67742,
 	-18.6430,
 	-72.7357,
 	-26.0832,
 	6.60552,
 	-46.2156,
 	-73.0553,
 	49.4415,
 	-35.3251,
 	-70.6392) 
 b.b = VectorD(74.8553))
    ----------------------------------------------------------------------------
    fitMap     qof = 
		rSq 	 -> VectorD(0.247802) 
		rSqBar 	 -> VectorD(0.246425) 
		sst 	 -> VectorD(3.64393e+09) 
		sse 	 -> VectorD(2.74096e+09) 
		sde 	 -> VectorD(559.081) 
		mse0 	 -> VectorD(312895) 
		rmse 	 -> VectorD(559.370) 
		mae 	 -> VectorD(403.585) 
		smape 	 -> VectorD(66.9333) 
		m 	 -> VectorD(8760.00) 
		dfm 	 -> VectorD(16.0000) 
		df 	 -> VectorD(8744.00) 
		fStat 	 -> VectorD(180.037) 
		aic 	 -> VectorD(-67818.8) 
		bic 	 -> VectorD(-67698.4) 
		mape 	 -> VectorD(Infinity) 
		mase 	 -> VectorD(2.26868) 
		smapeC 	 -> VectorD(66.9372) 
		picp 	 -> VectorD(-1.00000) 
		pinc 	 -> VectorD(-1.00000) 
		ace 	 -> VectorD(-1.00000) 
		pinaw 	 -> VectorD(-1.00000) 
		iscore 	 -> VectorD(-1.00000) 
		wis 	 -> VectorD(-1.00000) 

    ----------------------------------------------------------------------------
        
Run + title
Run + title
summary2 not implemented yet
----------------------------------------
| AutoMPG - NeuralNet_XL: TnT validate |
----------------------------------------
DEBUG @ PredictorMV.validate: n_test = 1752, rando = true
optimize3: bSize = 6, nB = 1168

Process finished with exit code 0